F3,F4,C3,C4,P3,P4,Cz,Pz,Accel_x,Accel_y,Accel_z,Sample
-4.547473508864641190e-11,-4.274625098332762718e-11,-4.456524038687348366e-11,-4.001776687800884247e-11,-3.274180926382541656e-11,-5.638867150992155075e-11,-5.275069270282983780e-11,-4.001776687800884247e-11,9.408499717712402344e+00,-8.414105772972106934e-01,-2.677215635776519775e-01,2.260000000000000000e+02
-6.805779182341211708e+00,-9.343894099726639979e+00,-4.752282469059537107e+00,9.351819504727245658e+00,5.036433053807741089e+00,6.241760266224446241e+00,-3.250952994703766308e+00,-2.030371708151506027e-01,9.408499717712402344e+00,-8.414105772972106934e-01,-2.677215635776519775e-01,2.270000000000000000e+02
-1.460827112762672186e+01,-1.730245092754830694e+01,-7.465586074171369546e+00,1.224386676397261908e+01,2.886027279005247692e+00,4.658445765051510534e+00,-4.839846465030859690e+00,-2.641022204106775462e+00,9.408499717712402344e+00,-8.414105772972106934e-01,-2.677215635776519775e-01,2.280000000000000000e+02
-2.363894201697894459e+01,-2.361007352325486863e+01,-7.729400830486156337e+00,7.504155742388320505e+00,-7.046645057339446794e+00,-5.758711501706784475e+00,-4.590720385977874685e+00,-7.305976355180064274e+00,9.561484336853027344e+00,-9.179025292396545410e-01,-1.147378161549568176e-01,2.290000000000000000e+02
-3.332185934395420190e+01,-2.912385507913768379e+01,-7.016349503524907050e+00,-5.321636528351518791e-01,-1.883020951163962309e+01,-1.907715616160385252e+01,-3.942100318274242454e+00,-1.211956647832084855e+01,9.561484336853027344e+00,-9.179025292396545410e-01,-1.147378161549568176e-01,2.300000000000000000e+02
-4.288653828663882450e+01,-3.479629478299284528e+01,-7.370350281501487189e+00,-6.682390388426938443e+00,-2.629163008668547263e+01,-2.868475113237036567e+01,-4.614088630410151382e+00,-1.522962148160422657e+01,9.561484336853027344e+00,-9.179025292396545410e-01,-1.147378161549568176e-01,2.310000000000000000e+02
-5.190771125706123712e+01,-4.076471470072192460e+01,-9.679126839479977207e+00,-9.456120289416503510e+00,-2.871940132612326124e+01,-3.325107722169013869e+01,-7.070852777921572851e+00,-1.683049602259688982e+01,9.561484336853027344e+00,-9.179025292396545410e-01,-1.147378161549568176e-01,2.320000000000000000e+02
-6.028361490947099810e+01,-4.646634591304609785e+01,-1.303065566556961130e+01,-1.116113891566055827e+01,-3.037513762524213234e+01,-3.664729962687670195e+01,-1.019212497796161188e+01,-1.859847566645385086e+01,9.561484336853027344e+00,-9.179025292396545410e-01,-1.147378161549568176e-01,2.330000000000000000e+02
-6.790109226465119718e+01,-5.150567778865843138e+01,-1.566833293423860596e+01,-1.429565834524692036e+01,-3.519402227589034737e+01,-4.284651983947878762e+01,-1.239400352153916174e+01,-2.160662366131055023e+01,9.561484336853027344e+00,-9.179025292396545410e-01,-1.147378161549568176e-01,2.340000000000000000e+02
-7.455776807184065547e+01,-5.623970216843645176e+01,-1.664277625768863800e+01,-1.861855080521308992e+01,-4.289003198687532858e+01,-5.178530154875443259e+01,-1.307341474617624044e+01,-2.520788602617813012e+01,9.561484336853027344e+00,-9.179025292396545410e-01,-1.147378161549568176e-01,2.350000000000000000e+02
-8.027132168731168349e+01,-6.148418055717411335e+01,-1.665957360270022036e+01,-2.186717844580016390e+01,-5.034246843439359509e+01,-6.026571107470408606e+01,-1.299312080767958832e+01,-2.806481201670521841e+01,9.561484336853027344e+00,-9.179025292396545410e-01,-1.147378161549568176e-01,2.360000000000000000e+02
-8.548327069222068531e+01,-6.776366488333405869e+01,-1.737207688721900922e+01,-2.270222111854127434e+01,-5.587961034077579825e+01,-6.603747522562844097e+01,-1.329721655242519773e+01,-2.993283344844076055e+01,9.561484336853027344e+00,-9.179025292396545410e-01,-1.147378161549568176e-01,2.370000000000000000e+02
-9.076617389485272724e+01,-7.494446603217238589e+01,-1.982263433904699923e+01,-2.224670026117928501e+01,-6.120038751249830966e+01,-7.011752672529655683e+01,-1.422050889746333269e+01,-3.201979684279649518e+01,9.561484336853027344e+00,-9.179025292396545410e-01,-1.147378161549568176e-01,2.380000000000000000e+02
-9.632704354856923601e+01,-8.252504284383485356e+01,-2.350755385559750721e+01,-2.265642483442752564e+01,-6.897579381436480617e+01,-7.509930080560297938e+01,-1.482978079320400866e+01,-3.552454165521612595e+01,9.561484336853027344e+00,-9.179025292396545410e-01,-1.147378161549568176e-01,2.390000000000000000e+02
-1.019548507595327465e+02,-9.011670133427742257e+01,-2.692605562855260359e+01,-2.469110020668722427e+01,-7.932262977026493900e+01,-8.197280271883755631e+01,-1.407932981121484772e+01,-4.012955807819253096e+01,9.561484336853027344e+00,-9.179025292396545410e-01,-1.147378161549568176e-01,2.400000000000000000e+02
-1.075763500633629519e+02,-9.757865338090050500e+01,-2.905552979124149715e+01,-2.714169154441151477e+01,-8.936522547765343916e+01,-8.926618015835083497e+01,-1.212076313898978697e+01,-4.423592351679235435e+01,9.561484336853027344e+00,-9.179025292396545410e-01,-1.147378161549568176e-01,2.410000000000000000e+02
-1.137543908261850447e+02,-1.047949507433777399e+02,-3.029755193837627303e+01,-2.851959267526763142e+01,-9.623171621490291727e+01,-9.514465094124352618e+01,-1.048731892177966074e+01,-4.665012936695802637e+01,9.561484336853027344e+00,-9.179025292396545410e-01,-1.147378161549568176e-01,2.420000000000000000e+02
-1.213753202373336535e+02,-1.115003426150915402e+02,-3.197345075155135419e+01,-2.883361445278114843e+01,-9.992558354344782856e+01,-9.965185684386415232e+01,-1.087073905139277485e+01,-4.779738393113166239e+01,9.561484336853027344e+00,-9.179025292396545410e-01,-1.147378161549568176e-01,2.430000000000000000e+02
-1.306687512047528799e+02,-1.173809670497312254e+02,-3.489249357356220571e+01,-2.945219135881870898e+01,-1.029672554238668454e+02,-1.044651647189893993e+02,-1.361849193390571600e+01,-4.913844271558627952e+01,9.561484336853027344e+00,-9.179025292396545410e-01,-1.147378161549568176e-01,2.440000000000000000e+02
-1.406010190800698183e+02,-1.222634852737846813e+02,-3.844171154150626535e+01,-3.145208875924708991e+01,-1.075532264225330437e+02,-1.107167396821405418e+02,-1.740815815301175462e+01,-5.153323888646173145e+01,9.561484336853027344e+00,-9.179025292396545410e-01,-1.147378161549568176e-01,2.450000000000000000e+02
-1.494473340753065713e+02,-1.261580498946641455e+02,-4.111940048700762418e+01,-3.448948839209424477e+01,-1.135646504653750526e+02,-1.176056926107157778e+02,-2.041659970285763848e+01,-5.440922584222971636e+01,9.561484336853027344e+00,-9.179025292396545410e-01,-1.147378161549568176e-01,2.460000000000000000e+02
-1.561368926054628901e+02,-1.292031599069487129e+02,-4.199532393787649198e+01,-3.736921802982942609e+01,-1.193907304503090927e+02,-1.233523771859472618e+02,-2.188199001625253004e+01,-5.659167863334823778e+01,9.561484336853027344e+00,-9.179025292396545410e-01,-1.147378161549568176e-01,2.470000000000000000e+02
-1.610783928554310478e+02,-1.317181988883321537e+02,-4.166427196793028997e+01,-3.944969114003470168e+01,-1.242130647843714542e+02,-1.272418306863055477e+02,-2.262512001889626845e+01,-5.779022114137296740e+01,9.561484336853027344e+00,-9.179025292396545410e-01,-1.147378161549568176e-01,2.480000000000000000e+02
-1.656121468422443286e+02,-1.343095201728328902e+02,-4.172590347747609485e+01,-4.120326681762435328e+01,-1.289764783671398618e+02,-1.303975157967643099e+02,-2.410777916640381591e+01,-5.907280051249290409e+01,9.561484336853027344e+00,-9.179025292396545410e-01,-1.147378161549568176e-01,2.490000000000000000e+02
-1.706424171414919329e+02,-1.377260775832719446e+02,-4.329717632285519358e+01,-4.341993105633991945e+01,-1.351272021642798791e+02,-1.345605681631186599e+02,-2.700487951551167498e+01,-6.184259591485897545e+01,9.561484336853027344e+00,-9.179025292396545410e-01,-1.147378161549568176e-01,2.500000000000000000e+02
-1.758667242341625752e+02,-1.423757525369810537e+02,-4.601558983019367588e+01,-4.613246957983665197e+01,-1.427988856241408939e+02,-1.403770343558762761e+02,-3.063609778570298658e+01,-6.644116444378323649e+01,9.561484336853027344e+00,-9.179025292396545410e-01,-1.147378161549568176e-01,2.510000000000000000e+02
-1.803716348149300757e+02,-1.479008033385025556e+02,-4.848004611101714545e+01,-4.850928987485349353e+01,-1.505228746783204770e+02,-1.470072371730302621e+02,-3.364272848850032460e+01,-7.178675803667556465e+01,9.561484336853027344e+00,-9.179025292396545410e-01,-1.147378161549568176e-01,2.520000000000000000e+02
-1.839081673078262611e+02,-1.533430008627428833e+02,-4.965625870482836035e+01,-4.976114612759738520e+01,-1.566460067818443349e+02,-1.532379058175556565e+02,-3.510284343536022789e+01,-7.630041850837915263e+01,9.561484336853027344e+00,-9.179025292396545410e-01,-1.147378161549568176e-01,2.530000000000000000e+02
-1.874287841431032575e+02,-1.578796799631809336e+02,-4.984080540737886622e+01,-4.998996150316361309e+01,-1.607888779845061435e+02,-1.586889974051719037e+02,-3.501664838709257310e+01,-7.909291098846460955e+01,9.523238182067871094e+00,-8.796565532684326172e-01,-1.912296712398529053e-01,2.540000000000000000e+02
-1.922601920943361620e+02,-1.614300427151310942e+02,-5.025593676299558865e+01,-5.007799473665090773e+01,-1.638693982133463578e+02,-1.638608662167453076e+02,-3.389358071478363854e+01,-8.028570382739053457e+01,9.523238182067871094e+00,-8.796565532684326172e-01,-1.912296712398529053e-01,2.550000000000000000e+02
-1.987446348853800373e+02,-1.644782791549873764e+02,-5.172842207461508224e+01,-5.080341982735171769e+01,-1.669255049351077105e+02,-1.692024724183702347e+02,-3.211808626952733903e+01,-8.037150908351668477e+01,9.523238182067871094e+00,-8.796565532684326172e-01,-1.912296712398529053e-01,2.560000000000000000e+02
-2.057508101959069791e+02,-1.673095242998965659e+02,-5.378782184492047236e+01,-5.211895414841364982e+01,-1.701506482410377430e+02,-1.743769229227327742e+02,-2.985527720856953238e+01,-7.948660729366747546e+01,9.523238182067871094e+00,-8.796565532684326172e-01,-1.912296712398529053e-01,2.570000000000000000e+02
-2.115909274994050975e+02,-1.695597419951022857e+02,-5.508349381921107124e+01,-5.328712813890888356e+01,-1.730829422507849813e+02,-1.785384236921627235e+02,-2.750486640718463605e+01,-7.743725848340636730e+01,9.523238182067871094e+00,-8.796565532684326172e-01,-1.912296712398529053e-01,2.580000000000000000e+02
-2.154656782486435986e+02,-1.706762085173404557e+02,-5.470602440129050592e+01,-5.368026795470268553e+01,-1.755192606875843921e+02,-1.812793321453691533e+02,-2.599631383070300217e+01,-7.440636957711194555e+01,9.523238182067871094e+00,-8.796565532684326172e-01,-1.912296712398529053e-01,2.590000000000000000e+02
-2.180729708777598717e+02,-1.708358140435302630e+02,-5.313499982798020937e+01,-5.347405329663070006e+01,-1.780253091363356361e+02,-1.832311674027705521e+02,-2.635560063277443987e+01,-7.146773647773716220e+01,9.523238182067871094e+00,-8.796565532684326172e-01,-1.912296712398529053e-01,2.600000000000000000e+02
-2.208930188170261317e+02,-1.712291144082691972e+02,-5.192093040516510882e+01,-5.362490292031361605e+01,-1.814945002770355131e+02,-1.857048796782964928e+02,-2.881397371090952220e+01,-7.017707546797282703e+01,9.523238182067871094e+00,-8.796565532684326172e-01,-1.912296712398529053e-01,2.610000000000000000e+02
-2.249143007949628554e+02,-1.731841756451572110e+02,-5.238613284490702426e+01,-5.513665446299000905e+01,-1.862287172083351834e+02,-1.896590050157419682e+02,-3.230601898436134434e+01,-7.140481223700226110e+01,9.523238182067871094e+00,-8.796565532684326172e-01,-1.912296712398529053e-01,2.620000000000000000e+02
-2.299724116174734263e+02,-1.768689407901006234e+02,-5.449179573747551331e+01,-5.820513588794437965e+01,-1.914532767037399026e+02,-1.948688698348978505e+02,-3.492706381286643591e+01,-7.438955282096412702e+01,9.523238182067871094e+00,-8.796565532684326172e-01,-1.912296712398529053e-01,2.630000000000000000e+02
-2.351417618167038199e+02,-1.808784034079453704e+02,-5.682265879480200965e+01,-6.191126777487988875e+01,-1.957253266310754043e+02,-1.999845770952560997e+02,-3.507274220917588536e+01,-7.693561169537224487e+01,9.523238182067871094e+00,-8.796565532684326172e-01,-1.912296712398529053e-01,2.640000000000000000e+02
-2.396078358282106819e+02,-1.832477557290935692e+02,-5.765582782914134441e+01,-6.473647115206586022e+01,-1.979092565955761529e+02,-2.034615717376409521e+02,-3.241616771602684821e+01,-7.677534691550590651e+01,9.523238182067871094e+00,-8.796565532684326172e-01,-1.912296712398529053e-01,2.650000000000000000e+02
-2.431516508798936229e+02,-1.830628038280283363e+02,-5.621754180842026472e+01,-6.557370934655955352e+01,-1.979764695075718919e+02,-2.046849727829621770e+02,-2.805778360808062644e+01,-7.314075600997603033e+01,9.523238182067871094e+00,-8.796565532684326172e-01,-1.912296712398529053e-01,2.660000000000000000e+02
-2.459454308535246128e+02,-1.812440645427764139e+02,-5.316834246120743046e+01,-6.450678663852977479e+01,-1.970566886863243781e+02,-2.044453230699573396e+02,-2.385330785763153472e+01,-6.734767818555246777e+01,9.523238182067871094e+00,-8.796565532684326172e-01,-1.912296712398529053e-01,2.670000000000000000e+02
-2.481162641146993337e+02,-1.798552633788435742e+02,-5.007691290398088313e+01,-6.277991262707473652e+01,-1.967382262338296641e+02,-2.044056187084170233e+02,-2.147215237040200009e+01,-6.195831344883208658e+01,9.523238182067871094e+00,-8.796565532684326172e-01,-1.912296712398529053e-01,2.680000000000000000e+02
-2.496437207110061536e+02,-1.806150075636910515e+02,-4.838286504348116068e+01,-6.195358445879446663e+01,-1.980999705322101363e+02,-2.059386450879483164e+02,-2.171682334395472935e+01,-5.916758627335184428e+01,9.523238182067871094e+00,-8.796565532684326172e-01,-1.912296712398529053e-01,2.690000000000000000e+02
-2.506542657959666940e+02,-1.838745349142263876e+02,-4.861943644505117845e+01,-6.287922100323157792e+01,-2.011234899651517480e+02,-2.092220931431711506e+02,-2.431165800642247632e+01,-5.959674033620740374e+01,9.523238182067871094e+00,-8.796565532684326172e-01,-1.912296712398529053e-01,2.700000000000000000e+02
-2.516730369402616816e+02,-1.887106907367901840e+02,-5.033309413546112410e+01,-6.526282083695787151e+01,-2.048945391276010923e+02,-2.132931847891341022e+02,-2.811103142304364155e+01,-6.227181118570388207e+01,9.523238182067871094e+00,-8.796565532684326172e-01,-1.912296712398529053e-01,2.710000000000000000e+02
-2.534405026834956516e+02,-1.937705269773441614e+02,-5.259798249154619043e+01,-6.806903319711636868e+01,-2.084158452571482485e+02,-2.169503791497045313e+02,-3.162949050204315427e+01,-6.559059234192955046e+01,9.523238182067871094e+00,-8.796565532684326172e-01,-1.912296712398529053e-01,2.720000000000000000e+02
-2.563787716120004916e+02,-1.980435671639124848e+02,-5.465972774651982036e+01,-7.031660092038509902e+01,-2.113674259297595199e+02,-2.196720926463358410e+02,-3.374792854220277150e+01,-6.839811096623498088e+01,9.523238182067871094e+00,-8.796565532684326172e-01,-1.912296712398529053e-01,2.730000000000000000e+02
-2.602069222679638187e+02,-2.011149057867733063e+02,-5.628919780020805774e+01,-7.161929187537498365e+01,-2.142433705481230390e+02,-2.218207898869113706e+02,-3.430538542947033420e+01,-7.043108413107347587e+01,9.523238182067871094e+00,-8.796565532684326172e-01,-1.912296712398529053e-01,2.740000000000000000e+02
-2.641023255250725015e+02,-2.030422719918810799e+02,-5.772664706158957415e+01,-7.218584641538200231e+01,-2.178226668629954474e+02,-2.241141682667584973e+02,-3.420109680762288917e+01,-7.205480619655691044e+01,9.523238182067871094e+00,-8.796565532684326172e-01,-1.912296712398529053e-01,2.750000000000000000e+02
-2.672968371750025653e+02,-2.041651763031486553e+02,-5.935812503475608537e+01,-7.245245487430020148e+01,-2.224447861535222728e+02,-2.269340810585063082e+02,-3.480388726831552049e+01,-7.372878871032253301e+01,9.523238182067871094e+00,-8.796565532684326172e-01,-1.912296712398529053e-01,2.760000000000000000e+02
-2.696096986592183384e+02,-2.049510387599962087e+02,-6.138794945779363843e+01,-7.273306509880148951e+01,-2.276772095941196312e+02,-2.300710111434145801e+02,-3.697878816853426542e+01,-7.566708790662914907e+01,9.523238182067871094e+00,-8.796565532684326172e-01,-1.912296712398529053e-01,2.770000000000000000e+02
-2.714780117619820885e+02,-2.058012672186187046e+02,-6.367412883548740865e+01,-7.311304932487837505e+01,-2.325882849711169911e+02,-2.330104877480716823e+02,-4.040331688059586668e+01,-7.780866754705675703e+01,9.523238182067871094e+00,-8.796565532684326172e-01,-1.912296712398529053e-01,2.780000000000000000e+02
-2.734841993000509319e+02,-2.068489354530865967e+02,-6.574935035064572730e+01,-7.355044490487034636e+01,-2.363462504674721458e+02,-2.354093010266060446e+02,-4.370983398916223450e+01,-7.994235755670752042e+01,9.523238182067871094e+00,-8.796565532684326172e-01,-1.912296712398529053e-01,2.790000000000000000e+02
-2.758113156069666729e+02,-2.079364431068852355e+02,-6.699615864885754490e+01,-7.401660850886310072e+01,-2.386663332508856001e+02,-2.373478789452674391e+02,-4.538456244038889054e+01,-8.181596453895690502e+01,9.523238182067871094e+00,-8.796565532684326172e-01,-1.912296712398529053e-01,2.800000000000000000e+02
-2.781055474797940406e+02,-2.088435830653293124e+02,-6.693497526107421436e+01,-7.455091303675362724e+01,-2.398348664553936942e+02,-2.392205919354501020e+02,-4.476069396667617184e+01,-8.318701543466750081e+01,9.408499717712402344e+00,-9.943943619728088379e-01,-2.294756323099136353e-01,2.810000000000000000e+02
-2.798510907183645031e+02,-2.095557424754729254e+02,-6.553071301237287116e+01,-7.521529887545148085e+01,-2.404077931925967277e+02,-2.414156319067578806e+02,-4.237106176551560566e+01,-8.386106902238543626e+01,9.408499717712402344e+00,-9.943943619728088379e-01,-2.294756323099136353e-01,2.820000000000000000e+02
-2.809261850542479806e+02,-2.102834981559954031e+02,-6.335586413199052913e+01,-7.600663812626180516e+01,-2.408856039164888898e+02,-2.440347856282678549e+02,-3.947532732422723711e+01,-8.375002607878377603e+01,9.408499717712402344e+00,-9.943943619728088379e-01,-2.294756323099136353e-01,2.830000000000000000e+02
-2.818486167738315089e+02,-2.112345715625492630e+02,-6.144893419383970468e+01,-7.680955677352812927e+01,-2.415895051634188349e+02,-2.468315730994618207e+02,-3.723227613272001690e+01,-8.294327407239825334e+01,9.408499717712402344e+00,-9.943943619728088379e-01,-2.294756323099136353e-01,2.840000000000000000e+02
-2.834832493742483166e+02,-2.124858103698988998e+02,-6.085717991460160192e+01,-7.745724772247240253e+01,-2.427265205612011414e+02,-2.493916258919707616e+02,-3.619644218863595597e+01,-8.176430274498034123e+01,9.408499717712402344e+00,-9.943943619728088379e-01,-2.294756323099136353e-01,2.850000000000000000e+02
-2.864410055587163697e+02,-2.142017734972778271e+02,-6.210914407998143361e+01,-7.788020730676680614e+01,-2.444707742389150553e+02,-2.514276993549792678e+02,-3.641359476116258520e+01,-8.075442680142668905e+01,9.408499717712402344e+00,-9.943943619728088379e-01,-2.294756323099136353e-01,2.860000000000000000e+02
-2.906476863514326396e+02,-2.169508338562091012e+02,-6.496024899492340410e+01,-7.822022297654530121e+01,-2.469379970645804860e+02,-2.529763112624359565e+02,-3.780075171463113293e+01,-8.052055293375588008e+01,9.408499717712402344e+00,-9.943943619728088379e-01,-2.294756323099136353e-01,2.870000000000000000e+02
-2.953933083288625312e+02,-2.215851121659338787e+02,-6.857947137669862059e+01,-7.877509734749946801e+01,-2.500865773497798727e+02,-2.543414175697325845e+02,-4.029742359824149389e+01,-8.145119693568176444e+01,9.408499717712402344e+00,-9.943943619728088379e-01,-2.294756323099136353e-01,2.880000000000000000e+02
-2.997737642570796197e+02,-2.285235748264578888e+02,-7.200587505727116877e+01,-7.977053813922861991e+01,-2.536636967905456004e+02,-2.558267001966953558e+02,-4.361944026308287903e+01,-8.344150221075256013e+01,9.408499717712402344e+00,-9.943943619728088379e-01,-2.294756323099136353e-01,2.890000000000000000e+02
-3.031593013549965008e+02,-2.370258254390619186e+02,-7.452613131611519748e+01,-8.114216542889494121e+01,-2.572620403323282972e+02,-2.574796838789636695e+02,-4.696524907160778639e+01,-8.585519983127505839e+01,9.408499717712402344e+00,-9.943943619728088379e-01,-2.294756323099136353e-01,2.900000000000000000e+02
-3.053886675320604809e+02,-2.453159006523378594e+02,-7.579053752113009068e+01,-8.253646397370766863e+01,-2.604352284620615592e+02,-2.590625643494570340e+02,-4.917259599570252249e+01,-8.784650515919656755e+01,9.408499717712402344e+00,-9.943943619728088379e-01,-2.294756323099136353e-01,2.910000000000000000e+02
-3.066781388605414804e+02,-2.517320851261232519e+02,-7.576790973328843393e+01,-8.356205063028937730e+01,-2.628071345890627981e+02,-2.602711820628835540e+02,-4.939871444769460140e+01,-8.887571437138581132e+01,9.408499717712402344e+00,-9.943943619728088379e-01,-2.294756323099136353e-01,2.920000000000000000e+02
-3.074382042660516845e+02,-2.560029225279103002e+02,-7.473706148504788871e+01,-8.410245805435602051e+01,-2.641825108643274689e+02,-2.610094878629365667e+02,-4.782049316216330226e+01,-8.904303832861114643e+01,9.408499717712402344e+00,-9.943943619728088379e-01,-2.294756323099136353e-01,2.930000000000000000e+02
-3.081235709191709020e+02,-2.594123506926578102e+02,-7.331033733073400072e+01,-8.443321261926166699e+01,-2.646651975495062743e+02,-2.614956029297122768e+02,-4.568221858097922450e+01,-8.895911926620328813e+01,9.408499717712402344e+00,-9.943943619728088379e-01,-2.294756323099136353e-01,2.940000000000000000e+02
-3.091048718784217044e+02,-2.635494760766790705e+02,-7.230787095768869222e+01,-8.504137690067318545e+01,-2.647256474708296992e+02,-2.621450508928562613e+02,-4.454030187318494427e+01,-8.925553116100218176e+01,9.408499717712402344e+00,-9.943943619728088379e-01,-2.294756323099136353e-01,2.950000000000000000e+02
-3.105302856643982068e+02,-2.687064840189134429e+02,-7.240113940259584524e+01,-8.629894749111053898e+01,-2.650853681142702953e+02,-2.633458985367994956e+02,-4.526616284906936016e+01,-9.015822235478799485e+01,9.408499717712402344e+00,-9.943943619728088379e-01,-2.294756323099136353e-01,2.960000000000000000e+02
-3.122748696384110190e+02,-2.734472883127332352e+02,-7.375159849460760597e+01,-8.824593700262835227e+01,-2.663709335437117716e+02,-2.652634192315467772e+02,-4.761369241312308986e+01,-9.146250646560247333e+01,9.408499717712402344e+00,-9.943943619728088379e-01,-2.294756323099136353e-01,2.970000000000000000e+02
-3.140897662611656642e+02,-2.758235510212563213e+02,-7.597486383756768191e+01,-9.062320965249250548e+01,-2.687185171228589979e+02,-2.677461485973258277e+02,-5.063910320861714354e+01,-9.284794650937328697e+01,9.408499717712402344e+00,-9.943943619728088379e-01,-2.294756323099136353e-01,2.980000000000000000e+02
-3.158638355312484691e+02,-2.751381799174042726e+02,-7.847354255079039831e+01,-9.308485640906792469e+01,-2.716388831461498512e+02,-2.703572910926050099e+02,-5.348843262030345613e+01,-9.415014200557334334e+01,9.408499717712402344e+00,-9.943943619728088379e-01,-2.294756323099136353e-01,2.990000000000000000e+02
-3.177325289957843779e+02,-2.725829769073674811e+02,-8.080913213376197746e+01,-9.540062891960292291e+01,-2.742988009910559413e+02,-2.725482827792980061e+02,-5.581163471364516226e+01,-9.530588750422975863e+01,9.408499717712402344e+00,-9.943943619728088379e-01,-2.294756323099136353e-01,3.000000000000000000e+02
-3.198535676354708812e+02,-2.701256850571664359e+02,-8.274719340145611568e+01,-9.748191435281887607e+01,-2.760138750623241322e+02,-2.739109815205547420e+02,-5.753242896926963112e+01,-9.608165443722634791e+01,9.408499717712402344e+00,-9.943943619728088379e-01,-2.294756323099136353e-01,3.010000000000000000e+02
-3.220394218900040642e+02,-2.687171115504066847e+02,-8.400818108635394310e+01,-9.923135829799025487e+01,-2.765640271414306426e+02,-2.743613710478816756e+02,-5.840401149612466725e+01,-9.598922812919477110e+01,9.408499717712402344e+00,-9.943943619728088379e-01,-2.294756323099136353e-01,3.020000000000000000e+02
-3.236829453701099055e+02,-2.675264731615209826e+02,-8.413626336807237749e+01,-1.003841827862961509e+02,-2.761339656368178339e+02,-2.741165015126750859e+02,-5.796595858010960001e+01,-9.461133138753120875e+01,9.408499717712402344e+00,-9.943943619728088379e-01,-2.294756323099136353e-01,3.030000000000000000e+02
-3.241799936863801577e+02,-2.648995714129121666e+02,-8.279169059949617804e+01,-1.005493428296076672e+02,-2.750451656878010454e+02,-2.734911236572763755e+02,-5.601272615000152655e+01,-9.208530054799541631e+01,9.408499717712402344e+00,-9.943943619728088379e-01,-2.294756323099136353e-01,3.040000000000000000e+02
-3.234996331953867639e+02,-2.600787718538886111e+02,-8.022349283596690839e+01,-9.948139399961723939e+01,-2.735828451514286144e+02,-2.727132519419451455e+02,-5.305417123380073008e+01,-8.922070983154208079e+01,9.408499717712402344e+00,-9.943943619728088379e-01,-2.294756323099136353e-01,3.050000000000000000e+02
-3.223005256536101797e+02,-2.540317070966266328e+02,-7.734719935145130876e+01,-9.736503620981807217e+01,-2.720069825373363983e+02,-2.719058622816698971e+02,-5.019497563685092700e+01,-8.698471223261594787e+01,9.408499717712402344e+00,-9.943943619728088379e-01,-2.294756323099136353e-01,3.060000000000000000e+02
-3.213964754517239157e+02,-2.486667386962593582e+02,-7.518398519074594333e+01,-9.482790633741001329e+01,-2.705727133212061517e+02,-2.711745640937961070e+02,-4.845517482298077994e+01,-8.572019053535029798e+01,9.408499717712402344e+00,-9.943943619728088379e-01,-2.294756323099136353e-01,3.070000000000000000e+02
-3.210426731994126612e+02,-2.452711078115860914e+02,-7.409595653422707073e+01,-9.260268924236470411e+01,-2.694079835274511652e+02,-2.706154399390488834e+02,-4.814700544716231434e+01,-8.481708949793892316e+01,9.408499717712402344e+00,-9.943943619728088379e-01,-2.294756323099136353e-01,3.080000000000000000e+02
-3.207619454664920227e+02,-2.436478964160788223e+02,-7.354922155329722955e+01,-9.108697683075797613e+01,-2.683724087819471151e+02,-2.701810429759060526e+02,-4.885482667657890943e+01,-8.321891788287962299e+01,9.408499717712402344e+00,-9.943943619728088379e-01,-2.294756323099136353e-01,3.090000000000000000e+02
-3.199054061547332708e+02,-2.426499563900276826e+02,-7.265963270092470339e+01,-9.017093471077669165e+01,-2.671566800982966470e+02,-2.695980238810633409e+02,-4.995905513455556957e+01,-8.038630003112575650e+01,9.408499717712402344e+00,-9.943943619728088379e-01,-2.294756323099136353e-01,3.100000000000000000e+02
-3.183794611362080786e+02,-2.414703593980231062e+02,-7.101234940017911867e+01,-8.947427565758039236e+01,-2.656390727220402823e+02,-2.685506945929457743e+02,-5.113373958609327019e+01,-7.686268332833628847e+01,9.408499717712402344e+00,-9.943943619728088379e-01,-2.294756323099136353e-01,3.110000000000000000e+02
-3.167922083090817864e+02,-2.404280507523363895e+02,-6.897575362177724401e+01,-8.875155326888148011e+01,-2.641482240406830897e+02,-2.670468610310234681e+02,-5.235739130215074510e+01,-7.388880508363843092e+01,9.561484336853027344e+00,-9.561483860015869141e-01,-1.529837548732757568e-01,3.120000000000000000e+02
-3.158853031220558023e+02,-2.406025034027143192e+02,-6.726016651744816954e+01,-8.808024824935318975e+01,-2.632700093913667843e+02,-2.655872193040127058e+02,-5.357894309485197937e+01,-7.236895649944710840e+01,9.561484336853027344e+00,-9.561483860015869141e-01,-1.529837548732757568e-01,3.130000000000000000e+02
-3.158540604962938687e+02,-2.427826086219050694e+02,-6.621192758642462195e+01,-8.768311642151320484e+01,-2.632756247261627323e+02,-2.648655183288285571e+02,-5.451519247405019541e+01,-7.209934968504762764e+01,9.561484336853027344e+00,-9.561483860015869141e-01,-1.529837548732757568e-01,3.140000000000000000e+02
-3.162206035515786198e+02,-2.467267873222315302e+02,-6.551460139981043085e+01,-8.760959943420471063e+01,-2.636938926508714758e+02,-2.651787442287136400e+02,-5.481206607884166715e+01,-7.193906759169749421e+01,9.561484336853027344e+00,-9.561483860015869141e-01,-1.529837548732757568e-01,3.150000000000000000e+02
-3.163046747415194773e+02,-2.513193324331667782e+02,-6.449919149938284590e+01,-8.761965886021118877e+01,-2.634921862171819384e+02,-2.660779228055143903e+02,-5.433707552854798450e+01,-7.075303653045045849e+01,9.561484336853027344e+00,-9.561483860015869141e-01,-1.529837548732757568e-01,3.160000000000000000e+02
-3.157391782419190918e+02,-2.553715865155713232e+02,-6.268250242703527420e+01,-8.737927467683084615e+01,-2.617840780471217386e+02,-2.666349393811094615e+02,-5.321799695861693635e+01,-6.828470082819251274e+01,9.561484336853027344e+00,-9.561483860015869141e-01,-1.529837548732757568e-01,3.170000000000000000e+02
-3.145449503069248181e+02,-2.583459128449022160e+02,-6.006571684894481677e+01,-8.676253999256528004e+01,-2.585060916795340518e+02,-2.661506748646434062e+02,-5.160675011311036542e+01,-6.524645128362158175e+01,9.561484336853027344e+00,-9.561483860015869141e-01,-1.529837548732757568e-01,3.180000000000000000e+02
-3.128689834271460199e+02,-2.604917556353475447e+02,-5.708301291538873556e+01,-8.596846953308477168e+01,-2.545383459954221053e+02,-2.647082480079542393e+02,-4.952342482323115291e+01,-6.266654416071673950e+01,9.561484336853027344e+00,-9.561483860015869141e-01,-1.529837548732757568e-01,3.190000000000000000e+02
-3.108603188130961144e+02,-2.624446375414184445e+02,-5.443000141041625284e+01,-8.537099239675922036e+01,-2.512396185375914683e+02,-2.631238960733389831e+02,-4.708185401310106499e+01,-6.117325478513885173e+01,9.561484336853027344e+00,-9.561483860015869141e-01,-1.529837548732757568e-01,3.200000000000000000e+02
-3.088726421657374885e+02,-2.646973921529371410e+02,-5.293015805847278443e+01,-8.526910246060617737e+01,-2.497947405675114396e+02,-2.623686850629574110e+02,-4.489693062954393099e+01,-6.081913133846637720e+01,9.561484336853027344e+00,-9.561483860015869141e-01,-1.529837548732757568e-01,3.210000000000000000e+02
-3.076278274538024107e+02,-2.673123240804990246e+02,-5.332559359002539168e+01,-8.574018269828638950e+01,-2.507647341208103171e+02,-2.629434693699189438e+02,-4.409515792428601344e+01,-6.142333786525841788e+01,9.561484336853027344e+00,-9.561483860015869141e-01,-1.529837548732757568e-01,3.220000000000000000e+02
-3.078983599440220473e+02,-2.699695139379228408e+02,-5.587922542705223350e+01,-8.665926036348014350e+01,-2.539618486944057167e+02,-2.646540840628485967e+02,-4.564460648704528012e+01,-6.292130778075238595e+01,9.561484336853027344e+00,-9.561483860015869141e-01,-1.529837548732757568e-01,3.230000000000000000e+02
-3.098250820057378974e+02,-2.722255860803574024e+02,-5.999301375230334088e+01,-8.781430123020902556e+01,-2.585643851298053733e+02,-2.668487896258041019e+02,-4.944851103687949490e+01,-6.531131534756616475e+01,9.561484336853027344e+00,-9.561483860015869141e-01,-1.529837548732757568e-01,3.240000000000000000e+02
-3.125458397464350924e+02,-2.737863921407501380e+02,-6.424907636571276726e+01,-8.901591659438167881e+01,-2.633650366638341893e+02,-2.688388680748535080e+02,-5.402396646854310802e+01,-6.829250907188247766e+01,9.561484336853027344e+00,-9.561483860015869141e-01,-1.529837548732757568e-01,3.250000000000000000e+02
-3.146395092360924650e+02,-2.746381270644484403e+02,-6.703873606644424399e+01,-9.012698390926755110e+01,-2.670981726163076928e+02,-2.701683447953525956e+02,-5.719655396089171973e+01,-7.104636004094174950e+01,9.561484336853027344e+00,-9.561483860015869141e-01,-1.529837548732757568e-01,3.260000000000000000e+02
-3.151077699729724486e+02,-2.749849669262814018e+02,-6.742452062816153102e+01,-9.101372333759252342e+01,-2.688012761516432647e+02,-2.706371972141067772e+02,-5.740269266124357728e+01,-7.248809051389162050e+01,9.561484336853027344e+00,-9.561483860015869141e-01,-1.529837548732757568e-01,3.270000000000000000e+02
-3.140285622420836944e+02,-2.750366529161163385e+02,-6.559650578415210020e+01,-9.147147952240777613e+01,-2.681087027351943561e+02,-2.702009781402790622e+02,-5.463904777771756471e+01,-7.184292546695314741e+01,9.561484336853027344e+00,-9.561483860015869141e-01,-1.529837548732757568e-01,3.280000000000000000e+02
-3.122907652258514872e+02,-2.747944836368162100e+02,-6.258652489670168961e+01,-9.122260990631536970e+01,-2.653636929127926578e+02,-2.689155242067913605e+02,-5.036200421202192956e+01,-6.909168831357715135e+01,9.561484336853027344e+00,-9.561483860015869141e-01,-1.529837548732757568e-01,3.290000000000000000e+02
-3.107022331399571158e+02,-2.740014120439581120e+02,-5.951129903807157007e+01,-9.005267715607033097e+01,-2.614942241395331166e+02,-2.669572967319882082e+02,-4.647368081213494406e+01,-6.494665064877210625e+01,9.561484336853027344e+00,-9.561483860015869141e-01,-1.529837548732757568e-01,3.300000000000000000e+02
-3.093704854811902010e+02,-2.723246746097986488e+02,-5.697711765576707421e+01,-8.802627701876212996e+01,-2.576999742279598422e+02,-2.646321848272824582e+02,-4.422990551089469591e+01,-6.042801780059426164e+01,9.561484336853027344e+00,-9.561483860015869141e-01,-1.529837548732757568e-01,3.310000000000000000e+02
-3.079332457278571269e+02,-2.696598977210299495e+02,-5.504498280041207181e+01,-8.560337395128181015e+01,-2.550385701356079835e+02,-2.622999903923487182e+02,-4.382464031975109719e+01,-5.640461697217745041e+01,9.561484336853027344e+00,-9.561483860015869141e-01,-1.529837548732757568e-01,3.320000000000000000e+02
-3.062980693498276423e+02,-2.663042891530325846e+02,-5.360223285561471585e+01,-8.349122419645573245e+01,-2.540376567436875348e+02,-2.602478806856239544e+02,-4.473351742032059519e+01,-5.339021356246553296e+01,9.408499717712402344e+00,-9.561483860015869141e-01,-1.912296712398529053e-01,3.330000000000000000e+02
-3.050333400060063695e+02,-2.628359055481097926e+02,-5.269530929651034512e+01,-8.229000067952529207e+01,-2.545149687112487982e+02,-2.586215629799474982e+02,-4.632696985552411206e+01,-5.160151494945591821e+01,9.408499717712402344e+00,-9.561483860015869141e-01,-1.912296712398529053e-01,3.340000000000000000e+02
-3.049450329379456548e+02,-2.597740157776086676e+02,-5.252031984291181743e+01,-8.219789601112188393e+01,-2.557282960764672453e+02,-2.574594991208870169e+02,-4.820140229323396852e+01,-5.104843727174716150e+01,9.408499717712402344e+00,-9.561483860015869141e-01,-1.912296712398529053e-01,3.350000000000000000e+02
-3.062363554563517596e+02,-2.572822535906898338e+02,-5.316423475527756182e+01,-8.299413637453176307e+01,-2.567955839498024488e+02,-2.567414430082430954e+02,-5.009894349314117790e+01,-5.146987863165975341e+01,9.408499717712402344e+00,-9.561483860015869141e-01,-1.912296712398529053e-01,3.360000000000000000e+02
-3.081224346734939559e+02,-2.551631912856275335e+02,-5.440195845964683485e+01,-8.426866174148312894e+01,-2.571351595031791248e+02,-2.563493487798658634e+02,-5.172870050146173071e+01,-5.221906278118774480e+01,9.408499717712402344e+00,-9.561483860015869141e-01,-1.912296712398529053e-01,3.370000000000000000e+02
-3.093301497006869454e+02,-2.531195362881875326e+02,-5.574367797209072251e+01,-8.565803952650117026e+01,-2.566547776039321889e+02,-2.559746364961224572e+02,-5.279764582686141239e+01,-5.237734058154785544e+01,9.408499717712402344e+00,-9.561483860015869141e-01,-1.912296712398529053e-01,3.380000000000000000e+02
-3.090421379948003846e+02,-2.509998101831898794e+02,-5.665662278007152963e+01,-8.690743536162165128e+01,-2.556228358539855208e+02,-2.551494727909583844e+02,-5.319517822413627073e+01,-5.121481499907088164e+01,9.408499717712402344e+00,-9.561483860015869141e-01,-1.912296712398529053e-01,3.390000000000000000e+02
-3.074148509882246572e+02,-2.487904277078549171e+02,-5.674051310645779722e+01,-8.780334976665426439e+01,-2.543815839515842754e+02,-2.535086892244385126e+02,-5.304400988374061399e+01,-4.872316142061492883e+01,9.408499717712402344e+00,-9.561483860015869141e-01,-1.912296712398529053e-01,3.400000000000000000e+02
-3.052337426803598532e+02,-2.464244777277346543e+02,-5.576270650130709328e+01,-8.814715830594548152e+01,-2.531191662204669228e+02,-2.511187661974947787e+02,-5.248425309124183968e+01,-4.572714528719734517e+01,9.408499717712402344e+00,-9.561483860015869141e-01,-1.912296712398529053e-01,3.410000000000000000e+02
-3.030969806689037682e+02,-2.437040778327668136e+02,-5.363764726620240708e+01,-8.784361294447239743e+01,-2.517923980673480173e+02,-2.485480974656314856e+02,-5.141923131049270523e+01,-4.336231338309880812e+01,9.408499717712402344e+00,-9.561483860015869141e-01,-1.912296712398529053e-01,3.420000000000000000e+02
-3.009256027200915469e+02,-2.405162092625159858e+02,-5.047475777015517906e+01,-8.699063262134973229e+01,-2.501817709784052113e+02,-2.465227104102328894e+02,-4.957829830857099296e+01,-4.227338411947130226e+01,9.408499717712402344e+00,-9.561483860015869141e-01,-1.912296712398529053e-01,3.430000000000000000e+02
-2.982230094449016633e+02,-2.371513896131876891e+02,-4.669061087326144843e+01,-8.584916383565041542e+01,-2.480497176549637288e+02,-2.454196467345416295e+02,-4.694128535642551014e+01,-4.221510631683406700e+01,9.408499717712402344e+00,-9.561483860015869141e-01,-1.912296712398529053e-01,3.440000000000000000e+02
-2.947504817443987122e+02,-2.343185203696932604e+02,-4.301568689007740431e+01,-8.471549674809523367e+01,-2.453806440209885977e+02,-2.450552791074547940e+02,-4.410663453115012089e+01,-4.242325057633615870e+01,9.408499717712402344e+00,-9.561483860015869141e-01,-1.912296712398529053e-01,3.450000000000000000e+02
-2.908936186227920189e+02,-2.326737129828607067e+02,-4.023609678142156554e+01,-8.380390116211776785e+01,-2.425606797484088020e+02,-2.449437547708989769e+02,-4.209591281750124381e+01,-4.238135563277785423e+01,9.408499717712402344e+00,-9.561483860015869141e-01,-1.912296712398529053e-01,3.460000000000000000e+02
-2.873729332392974811e+02,-2.322250182788031907e+02,-3.876196259266293964e+01,-8.320600578826679339e+01,-2.402922818338869320e+02,-2.447433062455851314e+02,-4.162017442890396524e+01,-4.222697154966067501e+01,9.408499717712402344e+00,-9.561483860015869141e-01,-1.912296712398529053e-01,3.470000000000000000e+02
-2.846534975857371137e+02,-2.322077677493571173e+02,-3.837698895558435197e+01,-8.288191255116123557e+01,-2.391986728773298410e+02,-2.444366216088983492e+02,-4.245786996413767156e+01,-4.242477473391704734e+01,9.408499717712402344e+00,-9.561483860015869141e-01,-1.912296712398529053e-01,3.480000000000000000e+02
-2.826871569047659705e+02,-2.316339752046077365e+02,-3.845960443261287764e+01,-8.264575614208752086e+01,-2.393819030596620223e+02,-2.441093480515908141e+02,-4.360439739231151179e+01,-4.310891991939331547e+01,9.408499717712402344e+00,-9.561483860015869141e-01,-1.912296712398529053e-01,3.490000000000000000e+02
-2.812226662848808019e+02,-2.300438454866780376e+02,-3.857022281008084974e+01,-8.221209678163825174e+01,-2.403387656991135373e+02,-2.436462538902250117e+02,-4.414445373966498209e+01,-4.384216168597288288e+01,9.408499717712402344e+00,-9.561483860015869141e-01,-1.912296712398529053e-01,3.500000000000000000e+02
-2.802682520859298165e+02,-2.277361150996265451e+02,-3.889236910745069054e+01,-8.137168325259631274e+01,-2.413589444319170525e+02,-2.427282943521449852e+02,-4.404758710275768863e+01,-4.405136152378202041e+01,9.408499717712402344e+00,-9.561483860015869141e-01,-1.912296712398529053e-01,3.510000000000000000e+02
-2.801116654846923666e+02,-2.252657725432859479e+02,-4.003791340269731336e+01,-8.020687878780552182e+01,-2.420530584503774207e+02,-2.411344162439681895e+02,-4.407144479298096940e+01,-4.362524759028315202e+01,9.408499717712402344e+00,-9.561483860015869141e-01,-1.912296712398529053e-01,3.520000000000000000e+02
-2.807952974329161862e+02,-2.227875718312005802e+02,-4.227481779654135607e+01,-7.911640284456234440e+01,-2.424915939130412426e+02,-2.389827668721152349e+02,-4.479922608976517040e+01,-4.296438346707986966e+01,9.408499717712402344e+00,-9.561483860015869141e-01,-1.912296712398529053e-01,3.530000000000000000e+02
-2.816103376276796553e+02,-2.200220289854655675e+02,-4.488327090013979159e+01,-7.853934718315463215e+01,-2.428323151418533143e+02,-2.366335431568468266e+02,-4.577245656177240107e+01,-4.241206836862636465e+01,9.408499717712402344e+00,-9.561483860015869141e-01,-1.912296712398529053e-01,3.540000000000000000e+02
-2.812768312159478228e+02,-2.169549518653948326e+02,-4.638456612004051749e+01,-7.859081674362357717e+01,-2.428737218548735655e+02,-2.343821594030241613e+02,-4.569592680024197762e+01,-4.174736682375737473e+01,9.408499717712402344e+00,-9.561483860015869141e-01,-1.912296712398529053e-01,3.550000000000000000e+02
-2.788580350359990234e+02,-2.144760569753968866e+02,-4.564247642276609440e+01,-7.897393026915210612e+01,-2.420705431985600171e+02,-2.323058755773197390e+02,-4.366271889696520248e+01,-4.040078442041522067e+01,9.408499717712402344e+00,-9.561483860015869141e-01,-1.912296712398529053e-01,3.560000000000000000e+02
-2.746563320282468794e+02,-2.140614591744517838e+02,-4.293265352015350800e+01,-7.929590900736047843e+01,-2.400428601058440563e+02,-2.304105476161801107e+02,-4.025841674197988596e+01,-3.823512630142693070e+01,9.408499717712402344e+00,-9.561483860015869141e-01,-1.912296712398529053e-01,3.570000000000000000e+02
-2.702373653129322975e+02,-2.165519318178289723e+02,-3.994293145961898972e+01,-7.950362726744538122e+01,-2.370592774448011824e+02,-2.288474930794141073e+02,-3.740395502767262315e+01,-3.602231158973700076e+01,9.523238182067871094e+00,-9.179025292396545410e-01,-1.529837548732757568e-01,3.580000000000000000e+02
-2.674246883400237493e+02,-2.210970499120414843e+02,-3.853875286697825686e+01,-7.998448870969787095e+01,-2.339717615300677380e+02,-2.278826253629417806e+02,-3.692355743816858649e+01,-3.497729190927111631e+01,9.523238182067871094e+00,-9.179025292396545410e-01,-1.529837548732757568e-01,3.590000000000000000e+02
-2.670127123804240910e+02,-2.253667542946800495e+02,-3.928900225063375728e+01,-8.118543331679666153e+01,-2.316272361231876857e+02,-2.276076016930355763e+02,-3.905355413002473597e+01,-3.568476674688508865e+01,9.523238182067871094e+00,-9.179025292396545410e-01,-1.529837548732757568e-01,3.600000000000000000e+02
-2.682114754157632888e+02,-2.270286862482229253e+02,-4.104266652468390930e+01,-8.308563884663703902e+01,-2.302868582933780317e+02,-2.277154457973304034e+02,-4.221696906785120973e+01,-3.745058475695884681e+01,9.523238182067871094e+00,-9.179025292396545410e-01,-1.529837548732757568e-01,3.610000000000000000e+02
-2.692473301715939442e+02,-2.252858087826898554e+02,-4.194625628346568647e+01,-8.503676840024286321e+01,-2.295414849286478329e+02,-2.276236184445642721e+02,-4.425308336704608791e+01,-3.875828631584658979e+01,9.523238182067871094e+00,-9.179025292396545410e-01,-1.529837548732757568e-01,3.620000000000000000e+02
-2.686342075981677908e+02,-2.211874603080390216e+02,-4.099727164336741225e+01,-8.616151229473712192e+01,-2.287121297564121960e+02,-2.268662855090390167e+02,-4.403018454675054727e+01,-3.844900445329540162e+01,9.523238182067871094e+00,-9.179025292396545410e-01,-1.529837548732757568e-01,3.630000000000000000e+02
-2.661565951397593608e+02,-2.165567653128823622e+02,-3.877276014575295449e+01,-8.599162571392821519e+01,-2.273254791776192860e+02,-2.254010874146401875e+02,-4.210472642709828506e+01,-3.655250645919579711e+01,9.523238182067871094e+00,-9.179025292396545410e-01,-1.529837548732757568e-01,3.640000000000000000e+02
-2.628928444527717829e+02,-2.126049608868578389e+02,-3.677181272198799888e+01,-8.481405766951434089e+01,-2.253111270120780318e+02,-2.235786538382894832e+02,-4.003677270787898124e+01,-3.408004434246117853e+01,9.523238182067871094e+00,-9.179025292396545410e-01,-1.529837548732757568e-01,3.650000000000000000e+02
-2.603485921057681480e+02,-2.094170954053947753e+02,-3.608537254300131281e+01,-8.344454107631304396e+01,-2.229194512433555246e+02,-2.218462849477261898e+02,-3.913874652288438938e+01,-3.209219645263146958e+01,9.523238182067871094e+00,-9.179025292396545410e-01,-1.529837548732757568e-01,3.660000000000000000e+02
-2.593695198160085056e+02,-2.064816214334490496e+02,-3.662329704768887950e+01,-8.263021543095578636e+01,-2.205597234237770863e+02,-2.204605242033373997e+02,-3.973147208117961782e+01,-3.095502046707201771e+01,9.523238182067871094e+00,-9.179025292396545410e-01,-1.529837548732757568e-01,3.670000000000000000e+02
-2.595836526724779105e+02,-2.034636354371866673e+02,-3.746314047214809761e+01,-8.255459752508909332e+01,-2.186730332988763621e+02,-2.194077583538139606e+02,-4.130301828114511409e+01,-3.037418648275161104e+01,9.523238182067871094e+00,-9.179025292396545410e-01,-1.529837548732757568e-01,3.680000000000000000e+02
-2.597162792896289147e+02,-2.004201207556527606e+02,-3.779342784647587905e+01,-8.280425547193817692e+01,-2.176030733393517949e+02,-2.185237793554281325e+02,-4.311443659884150748e+01,-2.997379289181253625e+01,9.523238182067871094e+00,-9.179025292396545410e-01,-1.529837548732757568e-01,3.690000000000000000e+02
-2.585239888727513744e+02,-1.974953260913273425e+02,-3.748113863888238484e+01,-8.277593677257027593e+01,-2.174210053037797934e+02,-2.176607826308459153e+02,-4.459408126899847957e+01,-2.972953025980632447e+01,9.523238182067871094e+00,-9.179025292396545410e-01,-1.529837548732757568e-01,3.700000000000000000e+02
-2.556831310131872215e+02,-1.947575933021030323e+02,-3.685660632511508084e+01,-8.217536941958519492e+01,-2.178015220519728246e+02,-2.167745015825255450e+02,-4.536721253642440388e+01,-2.987190565510195484e+01,9.523238182067871094e+00,-9.179025292396545410e-01,-1.529837548732757568e-01,3.710000000000000000e+02
-2.519911421223665684e+02,-1.925024732816373216e+02,-3.615798641357207543e+01,-8.122274983537226944e+01,-2.181023978247740160e+02,-2.159059892410068642e+02,-4.523386812138244295e+01,-3.049486375243645853e+01,9.523238182067871094e+00,-9.179025292396545410e-01,-1.529837548732757568e-01,3.720000000000000000e+02
-2.487344385649657852e+02,-1.915541668156602100e+02,-3.529963530004658878e+01,-8.043857245346271156e+01,-2.176638772572960079e+02,-2.150960774059860796e+02,-4.433229984429010528e+01,-3.135430391065051481e+01,9.523238182067871094e+00,-9.179025292396545410e-01,-1.529837548732757568e-01,3.730000000000000000e+02
-2.467141452084301818e+02,-1.929001312325672188e+02,-3.414902390176973768e+01,-8.021219222526974590e+01,-2.161584925318329624e+02,-2.143126649500370604e+02,-4.329655176178323472e+01,-3.205166055158315430e+01,9.523238182067871094e+00,-9.179025292396545410e-01,-1.529837548732757568e-01,3.740000000000000000e+02
-2.457066595209771549e+02,-1.967111477527211036e+02,-3.289215459090326021e+01,-8.049931135441011065e+01,-2.137567060112965009e+02,-2.134630765863562374e+02,-4.303512267851408524e+01,-3.235699223033316230e+01,9.523238182067871094e+00,-9.179025292396545410e-01,-1.529837548732757568e-01,3.750000000000000000e+02
-2.447998748757373733e+02,-2.016623305023520061e+02,-3.201449927169301191e+01,-8.087047496633294941e+01,-2.110161877573086713e+02,-2.124967836462667492e+02,-4.410705790013435035e+01,-3.230628319547463434e+01,9.523238182067871094e+00,-9.179025292396545410e-01,-1.529837548732757568e-01,3.760000000000000000e+02
-2.432833598640700075e+02,-2.054115109132374073e+02,-3.189557077468691659e+01,-8.083802752473980036e+01,-2.085696620493247337e+02,-2.114928168375868154e+02,-4.618194912281001052e+01,-3.199687116205132043e+01,9.523238182067871094e+00,-9.179025292396545410e-01,-1.529837548732757568e-01,3.770000000000000000e+02
-2.412822677833785292e+02,-2.060511565064216484e+02,-3.246910977283982902e+01,-8.018688860419388220e+01,-2.067988890690162407e+02,-2.106254496153708260e+02,-4.816398396049817165e+01,-3.137545995045365999e+01,9.523238182067871094e+00,-9.179025292396545410e-01,-1.529837548732757568e-01,3.780000000000000000e+02
-2.395786965578201944e+02,-2.033402470156743220e+02,-3.330588005214065106e+01,-7.908095919366019189e+01,-2.056809421774214570e+02,-2.100222793203874971e+02,-4.900190997388290270e+01,-3.031636698090323989e+01,9.523238182067871094e+00,-9.179025292396545410e-01,-1.529837548732757568e-01,3.790000000000000000e+02
-2.388169724600579684e+02,-1.986419774366745514e+02,-3.398979509004539068e+01,-7.790688260998445003e+01,-2.048582762802293473e+02,-2.096346929147457558e+02,-4.849939039343007607e+01,-2.890539288575882892e+01,9.523238182067871094e+00,-9.179025292396545410e-01,-1.529837548732757568e-01,3.800000000000000000e+02
-2.388816120176902587e+02,-1.936967063874308224e+02,-3.437618975621126083e+01,-7.699524450507055917e+01,-2.038642712590199153e+02,-2.092392445568884796e+02,-4.739432999451901196e+01,-2.755383980788474219e+01,9.523238182067871094e+00,-9.179025292396545410e-01,-1.529837548732757568e-01,3.810000000000000000e+02
-2.390260546869751579e+02,-1.894045551616075045e+02,-3.448696298851427855e+01,-7.641677457902096648e+01,-2.023661823643888056e+02,-2.085602564296616492e+02,-4.662582198564246028e+01,-2.670445070701225632e+01,9.523238182067871094e+00,-9.179025292396545410e-01,-1.529837548732757568e-01,3.820000000000000000e+02
-2.385751836231577272e+02,-1.856691277976178753e+02,-3.422412172057215685e+01,-7.597650269727955674e+01,-2.002923690882216761e+02,-2.073872861768202256e+02,-4.646716688391393291e+01,-2.633562285764674016e+01,9.523238182067871094e+00,-9.179025292396545410e-01,-1.529837548732757568e-01,3.830000000000000000e+02
-2.374728310758835050e+02,-1.821985504626272814e+02,-3.327674382090663130e+01,-7.540120334173570882e+01,-1.977981634024858977e+02,-2.056131735158398897e+02,-4.631713126773593103e+01,-2.577433879906948277e+01,9.523238182067871094e+00,-9.179025292396545410e-01,-1.529837548732757568e-01,3.840000000000000000e+02
-2.361485518796075667e+02,-1.792350323928139915e+02,-3.136709679923524163e+01,-7.459490923316980115e+01,-1.951235208234745642e+02,-2.032429492964201927e+02,-4.532169719098897076e+01,-2.412420513073675465e+01,9.446745872497558594e+00,-9.179025292396545410e-01,-1.147378161549568176e-01,3.850000000000000000e+02
-2.349008590937983172e+02,-1.774014461998856405e+02,-2.860352926485165881e+01,-7.376749558584219812e+01,-1.924522826568368146e+02,-2.004526502094927309e+02,-4.321464669902252353e+01,-2.103745823025656136e+01,9.446745872497558594e+00,-9.179025292396545410e-01,-1.147378161549568176e-01,3.860000000000000000e+02
-2.334842624493035146e+02,-1.768899469355965266e+02,-2.557662772645380755e+01,-7.330186579041082950e+01,-1.898450343496820096e+02,-1.976472121328508820e+02,-4.058570993416014971e+01,-1.714361203078260587e+01,9.446745872497558594e+00,-9.179025292396545410e-01,-1.147378161549568176e-01,3.870000000000000000e+02
-2.313551475091242082e+02,-1.769669910547011114e+02,-2.307242974468067587e+01,-7.342810964988257183e+01,-1.872626210101773268e+02,-1.953631740027230990e+02,-3.836578765949388981e+01,-1.366641652885778058e+01,9.446745872497558594e+00,-9.179025292396545410e-01,-1.147378161549568176e-01,3.880000000000000000e+02
-2.283260304658415407e+02,-1.764324347174160721e+02,-2.161192579160137939e+01,-7.396499268928391757e+01,-1.846568188416795238e+02,-1.939669882531329677e+02,-3.706330322125290877e+01,-1.147205271871371224e+01,9.446745872497558594e+00,-9.179025292396545410e-01,-1.147378161549568176e-01,3.890000000000000000e+02
-2.249434878090678467e+02,-1.746450264662394147e+02,-2.116497456501656416e+01,-7.438401516946260017e+01,-1.820727719135209099e+02,-1.933329863857061355e+02,-3.645655637096706414e+01,-1.034797330936339677e+01,9.446745872497558594e+00,-9.179025292396545410e-01,-1.147378161549568176e-01,3.900000000000000000e+02
-2.221708187499677933e+02,-1.721008157408898569e+02,-2.122530893064777047e+01,-7.418461773277704197e+01,-1.796813709136595207e+02,-1.927999028129365797e+02,-3.594939240866028740e+01,-9.163375839347509100e+00,9.446745872497558594e+00,-9.179025292396545410e-01,-1.147378161549568176e-01,3.910000000000000000e+02
-2.206339066443761112e+02,-1.699665412840918179e+02,-2.114392532642091282e+01,-7.326252991493765876e+01,-1.776770136878221820e+02,-1.915087691948770043e+02,-3.513925235690749105e+01,-6.795110488003956561e+00,9.446745872497558594e+00,-9.179025292396545410e-01,-1.147378161549568176e-01,3.920000000000000000e+02
-2.201092163025705304e+02,-1.689832350464412229e+02,-2.046466113995074920e+01,-7.192856006070587682e+01,-1.760785646609665491e+02,-1.888976936154035684e+02,-3.401311093497770344e+01,-3.026565935077542235e+00,9.446745872497558594e+00,-9.179025292396545410e-01,-1.147378161549568176e-01,3.930000000000000000e+02
-2.196991155776104279e+02,-1.687723373047090263e+02,-1.907193088794588220e+01,-7.057083465099867681e+01,-1.746061270980121662e+02,-1.850122989944543406e+02,-3.268286830983947766e+01,1.319865418086465070e+00,9.446745872497558594e+00,-9.179025292396545410e-01,-1.147378161549568176e-01,3.940000000000000000e+02
-2.185145415232202595e+02,-1.681927153635679133e+02,-1.712044755890747183e+01,-6.931371423712880642e+01,-1.728049030191741622e+02,-1.804556791555237396e+02,-3.109069789787827176e+01,5.062368701753484856e+00,9.446745872497558594e+00,-9.179025292396545410e-01,-1.147378161549568176e-01,3.950000000000000000e+02
-2.162671620463561339e+02,-1.663947543341816981e+02,-1.485182446848148174e+01,-6.801856975665600658e+01,-1.703876139281296673e+02,-1.760721850322215687e+02,-2.911192894145870014e+01,7.516863942131294607e+00,9.446745872497558594e+00,-9.179025292396545410e-01,-1.147378161549568176e-01,3.960000000000000000e+02
-2.133140785949644851e+02,-1.635893699851030760e+02,-1.244546644917863887e+01,-6.659883781632674982e+01,-1.675212666650913889e+02,-1.725876148549418758e+02,-2.696986941446948549e+01,8.809753349068159878e+00,9.446745872497558594e+00,-9.179025292396545410e-01,-1.147378161549568176e-01,3.970000000000000000e+02
-2.102091648490941225e+02,-1.608530662090406622e+02,-9.990000090168223323e+00,-6.525766520502111234e+01,-1.647535285107005620e+02,-1.703502675497129530e+02,-2.542739227268293689e+01,9.506158078245789511e+00,9.446745872497558594e+00,-9.179025292396545410e-01,-1.147378161549568176e-01,3.980000000000000000e+02
-2.072329428722475768e+02,-1.592047166831234790e+02,-7.572914455889758756e+00,-6.434652587500795562e+01,-1.625896835421017386e+02,-1.692251145878326497e+02,-2.540047050642533577e+01,1.001928898982123428e+01,9.446745872497558594e+00,-9.179025292396545410e-01,-1.147378161549568176e-01,3.990000000000000000e+02
-2.043210531090064705e+02,-1.588204124093724658e+02,-5.400290312980359886e+00,-6.396736459119847495e+01,-1.610705802805739495e+02,-1.686676546622329624e+02,-2.722886770453965255e+01,1.036379857240399360e+01,9.446745872497558594e+00,-9.179025292396545410e-01,-1.147378161549568176e-01,4.000000000000000000e+02
-2.013893446590268468e+02,-1.590280477296689696e+02,-3.814400513635973766e+00,-6.374179127253682964e+01,-1.597265938219734380e+02,-1.679746196522742139e+02,-3.021951207952042751e+01,1.041348955318494518e+01,9.446745872497558594e+00,-9.179025292396545410e-01,-1.147378161549568176e-01,4.010000000000000000e+02
-1.986819930943688632e+02,-1.589373878693427287e+02,-3.138822156543483288e+00,-6.301275768651748876e+01,-1.579530659025435853e+02,-1.666210831297898949e+02,-3.288472795136840432e+01,1.032121417491725879e+01,9.446745872497558594e+00,-9.179025292396545410e-01,-1.147378161549568176e-01,4.020000000000000000e+02
-1.967450425205488500e+02,-1.580259769946237611e+02,-3.418873566501133610e+00,-6.130430399171746103e+01,-1.554742602819374042e+02,-1.644881910049321050e+02,-3.371362292882713518e+01,1.063593274128470512e+01,9.446745872497558594e+00,-9.179025292396545410e-01,-1.147378161549568176e-01,4.030000000000000000e+02
-1.960054164117341315e+02,-1.562113586004975332e+02,-4.294628303935269287e+00,-5.864963026986697514e+01,-1.525383011006051674e+02,-1.618481784934665484e+02,-3.197425095381004212e+01,1.194354395132950231e+01,9.446745872497558594e+00,-9.179025292396545410e-01,-1.147378161549568176e-01,4.040000000000000000e+02
-1.963251511602907158e+02,-1.535661426098620268e+02,-5.170994632889687637e+00,-5.556582842823036117e+01,-1.497434298873793068e+02,-1.591411167656460748e+02,-2.810709004364071006e+01,1.431192661643603969e+01,9.446745872497558594e+00,-9.179025292396545410e-01,-1.147378161549568176e-01,4.050000000000000000e+02
-1.969636094795177996e+02,-1.501705885796598068e+02,-5.611556860639666411e+00,-5.278045586750658913e+01,-1.476879859826190113e+02,-1.567398947861224769e+02,-2.358527703604931958e+01,1.702287929470844574e+01,9.446745872497558594e+00,-9.179025292396545410e-01,-1.147378161549568176e-01,4.060000000000000000e+02
-1.970369924877786616e+02,-1.462935594104424126e+02,-5.643787304104307623e+00,-5.093875945006539041e+01,-1.466946199744706973e+02,-1.548640171301531154e+02,-2.034750807808040918e+01,1.889040285488545123e+01,9.446745872497558594e+00,-9.179025292396545410e-01,-1.147378161549568176e-01,4.070000000000000000e+02
-1.961071894443628025e+02,-1.425482729441532683e+02,-5.662990505237758043e+00,-5.037678472923835216e+01,-1.466818459789592453e+02,-1.535996449924778062e+02,-1.994313288005173490e+01,1.903372393249310335e+01,9.446745872497558594e+00,-9.179025292396545410e-01,-1.147378161549568176e-01,4.080000000000000000e+02
-1.943897946283705096e+02,-1.395778584133909135e+02,-5.943822463347714802e+00,-5.092489157562704349e+01,-1.471275560349683929e+02,-1.528857878427606920e+02,-2.264081517460226678e+01,1.760040946341018753e+01,9.446745872497558594e+00,-9.179025292396545410e-01,-1.147378161549568176e-01,4.090000000000000000e+02
-1.923928650705252039e+02,-1.373986185436956475e+02,-6.167809596484175927e+00,-5.179884187096013193e+01,-1.471281214028113027e+02,-1.524247368676628867e+02,-2.699610043675579618e+01,1.590132506126974477e+01,9.446745872497558594e+00,-9.179025292396545410e-01,-1.147378161549568176e-01,4.100000000000000000e+02
-1.903077007773913465e+02,-1.351331612184462756e+02,-5.432390397652397951e+00,-5.178843326604328468e+01,-1.456409151832478983e+02,-1.516606963944132076e+02,-3.036279654053123522e+01,1.576927590224204323e+01,9.446745872497558594e+00,-9.179025292396545410e-01,-1.147378161549568176e-01,4.110000000000000000e+02
-1.877297519137578092e+02,-1.317040612133355353e+02,-2.854418777658338513e+00,-4.985688160984545902e+01,-1.419476434567823162e+02,-1.499876231035514138e+02,-3.031537336582550779e+01,1.848249666531455659e+01,9.446745872497558594e+00,-9.179025292396545410e-01,-1.147378161549568176e-01,4.120000000000000000e+02
-1.839955077925080786e+02,-1.270908473145391326e+02,1.644174086709881522e+00,-4.586354734105998432e+01,-1.361503203520987881e+02,-1.471311380063002616e+02,-2.615934088301492011e+01,2.393383734596272916e+01,9.446745872497558594e+00,-9.179025292396545410e-01,-1.147378161549568176e-01,4.130000000000000000e+02
-1.788544305599330073e+02,-1.229462489561224174e+02,7.012533440841934862e+00,-4.083545548619349574e+01,-1.293374618311463564e+02,-1.434182302205922497e+02,-1.940031958447548277e+01,3.061270033149412484e+01,9.446745872497558594e+00,-9.179025292396545410e-01,-1.147378161549568176e-01,4.140000000000000000e+02
-1.729036939377469935e+02,-1.217064428827759457e+02,1.152843719140901158e+01,-3.643510374058041634e+01,-1.231917071523403138e+02,-1.396721942523063262e+02,-1.274900994055587944e+01,3.642666142261168716e+01,9.446745872497558594e+00,-9.179025292396545410e-01,-1.147378161549568176e-01,4.150000000000000000e+02
-1.674029856841323181e+02,-1.246744603521340196e+02,1.372314180556122665e+01,-3.391577044744963132e+01,-1.191935855593005726e+02,-1.367554821309031468e+02,-8.418050409861052685e+00,3.980828776563066640e+01,9.523238182067871094e+00,-8.796565532684326172e-01,-3.824593871831893921e-02,4.160000000000000000e+02
-1.635944861792804659e+02,-1.306775511703172015e+02,1.308670188031669568e+01,-3.333075518689247474e+01,-1.179155952803243963e+02,-1.350818142802272632e+02,-7.053415249796671560e+00,4.037125240308432694e+01,9.523238182067871094e+00,-8.796565532684326172e-01,-3.824593871831893921e-02,4.170000000000000000e+02
-1.620295671161170503e+02,-1.366190283400919725e+02,1.009119428351004899e+01,-3.360865808263997678e+01,-1.188705945698634423e+02,-1.344502797612326503e+02,-8.010364173739390026e+00,3.875715100608294961e+01,9.523238182067871094e+00,-8.796565532684326172e-01,-3.824593871831893921e-02,4.180000000000000000e+02
-1.623233348524281610e+02,-1.396423365591169841e+02,5.657453756721452010e+00,-3.341256333822320812e+01,-1.209813758357313418e+02,-1.342947886120705334e+02,-1.042767465059955612e+01,3.593032981507940349e+01,9.523238182067871094e+00,-8.796565532684326172e-01,-3.824593871831893921e-02,4.190000000000000000e+02
-1.634027110317094866e+02,-1.391736104658655222e+02,6.032390686825692683e-01,-3.206937254574631879e+01,-1.232721598057232768e+02,-1.341010188943196226e+02,-1.391357043954576511e+01,3.254331334826838429e+01,9.523238182067871094e+00,-8.796565532684326172e-01,-3.824593871831893921e-02,4.200000000000000000e+02
-1.640364840323541102e+02,-1.371628056228191781e+02,-4.498723495561534946e+00,-2.986110470780158721e+01,-1.252481378080824470e+02,-1.336498789233369280e+02,-1.824564452173672180e+01,2.881647947619103434e+01,9.523238182067871094e+00,-8.796565532684326172e-01,-3.824593871831893921e-02,4.210000000000000000e+02
-1.633771548839090428e+02,-1.363843611303761918e+02,-9.127527054323991251e+00,-2.758071105691942648e+01,-1.267659056246370710e+02,-1.329498356547119329e+02,-2.264512320943367740e+01,2.485584771245885349e+01,9.523238182067871094e+00,-8.796565532684326172e-01,-3.824593871831893921e-02,4.220000000000000000e+02
-1.613158962596405672e+02,-1.382858182821282753e+02,-1.268752363063322264e+01,-2.586164741286302160e+01,-1.276670734554436422e+02,-1.320093112134436524e+02,-2.566285029629057135e+01,2.096136603251852648e+01,9.523238182067871094e+00,-8.796565532684326172e-01,-3.824593871831893921e-02,4.230000000000000000e+02
-1.584967827227631005e+02,-1.421181313511856388e+02,-1.470551056012823210e+01,-2.486303491471153393e+01,-1.276313819540341683e+02,-1.307258747470123126e+02,-2.601790448972224112e+01,1.756248152509942884e+01,9.523238182067871094e+00,-8.796565532684326172e-01,-3.824593871831893921e-02,4.240000000000000000e+02
-1.559117833779544071e+02,-1.458291569272546440e+02,-1.518242244608586589e+01,-2.443860328719529207e+01,-1.264255673011830368e+02,-1.290051693672526198e+02,-2.362297843616761384e+01,1.485128243554663641e+01,9.523238182067871094e+00,-8.796565532684326172e-01,-3.824593871831893921e-02,4.250000000000000000e+02
-1.542293035215309374e+02,-1.476943409867121773e+02,-1.469455208845602101e+01,-2.445066029197232638e+01,-1.242597263486222801e+02,-1.269566764554801921e+02,-1.973441954833788259e+01,1.252058143717795247e+01,9.523238182067871094e+00,-8.796565532684326172e-01,-3.824593871831893921e-02,4.260000000000000000e+02
-1.532936811537074391e+02,-1.472582405086513972e+02,-1.406923881043053370e+01,-2.484789430765385987e+01,-1.218084579603864768e+02,-1.249258193645782740e+02,-1.600810949143078687e+01,9.924758157475480402e+00,9.523238182067871094e+00,-8.796565532684326172e-01,-3.824593871831893921e-02,4.270000000000000000e+02
-1.522546978117713934e+02,-1.450453298307231762e+02,-1.388880302209145157e+01,-2.547479291044510319e+01,-1.197813557701547325e+02,-1.232848686900151733e+02,-1.333396119391272805e+01,6.561786779107023904e+00,9.523238182067871094e+00,-8.796565532684326172e-01,-3.824593871831893921e-02,4.280000000000000000e+02
-1.503291402259280858e+02,-1.416759442641555324e+02,-1.425342958362807622e+01,-2.592149570720403062e+01,-1.184126351194281597e+02,-1.221551990582652252e+02,-1.150749497175934266e+01,2.457434320144784579e+00,9.523238182067871094e+00,-8.796565532684326172e-01,-3.824593871831893921e-02,4.290000000000000000e+02
-1.475902690911505033e+02,-1.373720505449157372e+02,-1.496065083403095741e+01,-2.566181051386320178e+01,-1.173339014503835642e+02,-1.213064037706490126e+02,-9.916847628503774104e+00,-1.862626812110192986e+00,9.523238182067871094e+00,-8.796565532684326172e-01,-3.824593871831893921e-02,4.300000000000000000e+02
-1.450537372665157818e+02,-1.322257739975054847e+02,-1.585334042818294620e+01,-2.440900410801395992e+01,-1.159465567069701137e+02,-1.203150127417598014e+02,-8.444981228609094615e+00,-5.755005248513953120e+00,9.523238182067871094e+00,-8.796565532684326172e-01,-3.824593871831893921e-02,4.310000000000000000e+02
-1.438892139755346307e+02,-1.267177366671839991e+02,-1.695836122636819709e+01,-2.236197904094615296e+01,-1.139412238143204377e+02,-1.188307783414079495e+02,-7.659923678776976885e+00,-8.852475584345484094e+00,9.523238182067871094e+00,-8.796565532684326172e-01,-3.824593871831893921e-02,4.320000000000000000e+02
-1.444198147139484263e+02,-1.217587868402360982e+02,-1.830664329630076281e+01,-2.010333924892256618e+01,-1.115041032476206055e+02,-1.167317066248615447e+02,-8.151221168979191134e+00,-1.118267385052877216e+01,9.523238182067871094e+00,-8.796565532684326172e-01,-3.824593871831893921e-02,4.330000000000000000e+02
-1.458198878798250462e+02,-1.180996630188219569e+02,-1.969481451144702078e+01,-1.823722678414378606e+01,-1.090941199027870425e+02,-1.141040838866383638e+02,-9.731208770104103678e+00,-1.301389429988103075e+01,9.523238182067871094e+00,-8.796565532684326172e-01,-3.824593871831893921e-02,4.340000000000000000e+02
-1.467879077623767898e+02,-1.156674461329018868e+02,-2.071125692184637046e+01,-1.706709839047516652e+01,-1.070697403973822475e+02,-1.111525786145625716e+02,-1.131542268836869880e+01,-1.464392056339829651e+01,9.523238182067871094e+00,-8.796565532684326172e-01,-3.824593871831893921e-02,4.350000000000000000e+02
-1.465575068198986628e+02,-1.135196448950237027e+02,-2.104837914307563551e+01,-1.652156932472598783e+01,-1.055076688563599419e+02,-1.081475004216922571e+02,-1.159238102290851202e+01,-1.628936463182890293e+01,9.523238182067871094e+00,-8.796565532684326172e-01,-3.824593871831893921e-02,4.360000000000000000e+02
-1.453182740922657104e+02,-1.105429645624824389e+02,-2.080359718738327501e+01,-1.630246257007229360e+01,-1.043028549437281072e+02,-1.054093415796960471e+02,-9.898336990656844137e+00,-1.807129637349089535e+01,9.484992027282714844e+00,-8.796565532684326172e-01,-7.649187743663787842e-02,4.370000000000000000e+02
-1.437523836372026835e+02,-1.063287892658297551e+02,-2.046790098322935592e+01,-1.608145561177570926e+01,-1.033780595624775742e+02,-1.032450557779466180e+02,-6.622817797452626110e+00,-2.001979982400689551e+01,9.484992027282714844e+00,-8.796565532684326172e-01,-7.649187743663787842e-02,4.380000000000000000e+02
-1.422772801072728726e+02,-1.014699359661922244e+02,-2.059545778654000969e+01,-1.562203593096910481e+01,-1.027983686635802769e+02,-1.018054804186094771e+02,-2.929577493812757893e+00,-2.207258920228014176e+01,9.484992027282714844e+00,-8.796565532684326172e-01,-7.649187743663787842e-02,4.390000000000000000e+02
-1.407877240930963580e+02,-9.704177401031506633e+01,-2.143122415221682786e+01,-1.482509415974800504e+01,-1.027192413069510621e+02,-1.009569874196822639e+02,-8.438812165832132450e-02,-2.411239912095379623e+01,9.484992027282714844e+00,-8.796565532684326172e-01,-7.649187743663787842e-02,4.400000000000000000e+02
-1.390544067745345274e+02,-9.375795471790206648e+01,-2.278070711692907935e+01,-1.373867400647168324e+01,-1.032283611668240155e+02,-1.002975452583277729e+02,1.159005560561126913e+00,-2.605911981736880989e+01,9.484992027282714844e+00,-8.796565532684326172e-01,-7.649187743663787842e-02,4.410000000000000000e+02
-1.372131931486355825e+02,-9.155646934239666734e+01,-2.417926944048667792e+01,-1.253604358531856633e+01,-1.041987254722835132e+02,-9.935471434840928850e+01,8.191666709321907547e-01,-2.795149859099274181e+01,9.484992027282714844e+00,-8.796565532684326172e-01,-7.649187743663787842e-02,4.420000000000000000e+02
-1.357267694707452392e+02,-8.994571379864532901e+01,-2.519082859049035505e+01,-1.145053725329898953e+01,-1.052629544620067463e+02,-9.786426959508617074e+01,-4.625926296721445397e-01,-2.993596831749300691e+01,9.484992027282714844e+00,-8.796565532684326172e-01,-7.649187743663787842e-02,4.430000000000000000e+02
-1.348558119802619331e+02,-8.871330487433624512e+01,-2.562048538071030634e+01,-1.069527819750874187e+01,-1.059839011967960687e+02,-9.596274833900906742e+01,-1.862120134128872451e+00,-3.217566235866524949e+01,9.484992027282714844e+00,-8.796565532684326172e-01,-7.649187743663787842e-02,4.440000000000000000e+02
-1.342472028166607743e+02,-8.826889646313202320e+01,-2.553380328076832484e+01,-1.040037558196809186e+01,-1.061419164624367113e+02,-9.414422463301298194e+01,-2.834306328913044126e+00,-3.475203475250373231e+01,9.484992027282714844e+00,-8.796565532684326172e-01,-7.649187743663787842e-02,4.450000000000000000e+02
-1.331449131779936579e+02,-8.926646149380144379e+01,-2.512784017522835711e+01,-1.058153375705751387e+01,-1.059011160382042362e+02,-9.295693155540902808e+01,-3.314168434467774205e+00,-3.760123410358892215e+01,9.484992027282714844e+00,-8.796565532684326172e-01,-7.649187743663787842e-02,4.460000000000000000e+02
-1.310592584859591625e+02,-9.187196867659349664e+01,-2.456262785849730790e+01,-1.111365211063957759e+01,-1.056384717330342937e+02,-9.259611814952540954e+01,-3.536486630967374367e+00,-4.047625892338737685e+01,9.484992027282714844e+00,-8.796565532684326172e-01,-7.649187743663787842e-02,4.470000000000000000e+02
-1.282512779124444933e+02,-9.541330611776857040e+01,-2.386584325852436450e+01,-1.170547310868823843e+01,-1.055076387275234993e+02,-9.267359640248241703e+01,-3.624427750626182387e+00,-4.294247941652247391e+01,9.484992027282714844e+00,-8.796565532684326172e-01,-7.649187743663787842e-02,4.480000000000000000e+02
-1.255903192967211908e+02,-9.879615860161720775e+01,-2.297677465296192167e+01,-1.194398669929751122e+01,-1.051381622872322623e+02,-9.239732946572803485e+01,-3.330172146835593594e+00,-4.448489722024987714e+01,9.484992027282714844e+00,-8.796565532684326172e-01,-7.649187743663787842e-02,4.490000000000000000e+02
-1.239368995648460441e+02,-1.013098252029667492e+02,-2.188890591955623677e+01,-1.145377881350759708e+01,-1.038284671668047849e+02,-9.109198153286297384e+01,-2.193325106095926458e+00,-4.475820952765070615e+01,9.484992027282714844e+00,-8.796565532684326172e-01,-7.649187743663787842e-02,4.500000000000000000e+02
-1.235937597084266599e+02,-1.030831222466349573e+02,-2.077498179880535645e+01,-1.011354105653481383e+01,-1.011446252033106248e+02,-8.868828263236355269e+01,-4.439969988652592292e-03,-4.386478015860984669e+01,9.484992027282714844e+00,-8.796565532684326172e-01,-7.649187743663787842e-02,4.510000000000000000e+02
-1.242099007326414721e+02,-1.048098503934220389e+02,-1.997680529630383717e+01,-8.179521236967048026e+00,-9.740418569693929385e+01,-8.578691548019060065e+01,2.838732024463752168e+00,-4.242527199611458855e+01,9.484992027282714844e+00,-8.796565532684326172e-01,-7.649187743663787842e-02,4.520000000000000000e+02
-1.250717072476863905e+02,-1.070544837305010333e+02,-1.981900964126771214e+01,-6.209620244829238800e+00,-9.357631202148877492e+01,-8.322615189623729748e+01,5.439677106839553744e+00,-4.129741075615720547e+01,9.484992027282714844e+00,-8.796565532684326172e-01,-7.649187743663787842e-02,4.530000000000000000e+02
-1.254816357408280965e+02,-1.098322340030003943e+02,-2.036399669244974575e+01,-4.841194498947515967e+00,-9.068080097717620447e+01,-8.152755015748971346e+01,6.923739913761892240e+00,-4.109778117087353166e+01,9.484992027282714844e+00,-8.796565532684326172e-01,-7.649187743663787842e-02,4.540000000000000000e+02
-1.250125348778674379e+02,-1.127996938751693961e+02,-2.130379034393308757e+01,-4.557981828335414320e+00,-8.923437094814016746e+01,-8.068970912021450204e+01,6.967290811103794113e+00,-4.189429857846243976e+01,9.484992027282714844e+00,-8.796565532684326172e-01,-7.649187743663787842e-02,4.550000000000000000e+02
-1.236084274798768092e+02,-1.157207624097702592e+02,-2.210005761793740930e+01,-5.538545231040643557e+00,-8.916660815374143567e+01,-8.042658015231609170e+01,5.967281160284073849e+00,-4.330491901030154622e+01,9.484992027282714844e+00,-8.796565532684326172e-01,-7.649187743663787842e-02,4.560000000000000000e+02
-1.215557632769027805e+02,-1.186199673025253105e+02,-2.227817723082694101e+01,-7.589929522351667401e+00,-9.010059002140860684e+01,-8.051294799818651882e+01,4.772931978586257173e+00,-4.487780149151876685e+01,9.484992027282714844e+00,-8.796565532684326172e-01,-7.649187743663787842e-02,4.570000000000000000e+02
-1.193062117271451825e+02,-1.214496754600961594e+02,-2.167323341491783140e+01,-1.016326512616114996e+01,-9.157901672154184780e+01,-8.085873148839709756e+01,4.192662888496670348e+00,-4.640281984802140869e+01,9.484992027282714844e+00,-8.796565532684326172e-01,-7.649187743663787842e-02,4.580000000000000000e+02
-1.172036838137742052e+02,-1.237092621971482913e+02,-2.047701668433410305e+01,-1.251174107213591924e+01,-9.305227046126492496e+01,-8.131220470549033053e+01,4.558990973378968192e+00,-4.790936398182930134e+01,9.484992027282714844e+00,-8.796565532684326172e-01,-7.649187743663787842e-02,4.590000000000000000e+02
-1.153094348487466050e+02,-1.245865058568463155e+02,-1.909714240580387923e+01,-1.400473939782204980e+01,-9.387102462122356883e+01,-8.152513953395737190e+01,5.543004596720038535e+00,-4.943236167380928237e+01,9.484992027282714844e+00,-8.796565532684326172e-01,-7.649187743663787842e-02,4.600000000000000000e+02
-1.135045331119854382e+02,-1.236427697996434745e+02,-1.796837522112627994e+01,-1.444318991657200968e+01,-9.356526037440880827e+01,-8.112208493235402784e+01,6.289265230778255500e+00,-5.084225399890237895e+01,9.484992027282714844e+00,-8.796565532684326172e-01,-7.649187743663787842e-02,4.610000000000000000e+02
-1.118240974282423394e+02,-1.214034772914228597e+02,-1.744971690887950899e+01,-1.414290352678426643e+01,-9.228329809564229436e+01,-8.002895641913573854e+01,5.837628444336587563e+00,-5.194722119983180164e+01,9.523238182067871094e+00,-8.414105772972106934e-01,-1.912296712398529053e-01,4.620000000000000000e+02
-1.106775871282472963e+02,-1.191635300234061106e+02,-1.778024611304545033e+01,-1.368191244565696252e+01,-9.087111245884352684e+01,-7.857526273922940163e+01,3.723201375429198379e+00,-5.274223735362375010e+01,9.523238182067871094e+00,-8.414105772972106934e-01,-1.912296712398529053e-01,4.630000000000000000e+02
-1.106501218129158133e+02,-1.180361740598898450e+02,-1.902864902435749173e+01,-1.350621069922908646e+01,-9.033415584082194982e+01,-7.722607743163007399e+01,4.321270355426349852e-01,-5.351471864442646620e+01,9.523238182067871094e+00,-8.414105772972106934e-01,-1.912296712398529053e-01,4.640000000000000000e+02
-1.119770106764360662e+02,-1.180602960644423547e+02,-2.101404903256570833e+01,-1.371859169703566295e+01,-9.105481676411318404e+01,-7.621349471621306293e+01,-2.678440967295045994e+00,-5.465554114009273690e+01,9.523238182067871094e+00,-8.414105772972106934e-01,-1.912296712398529053e-01,4.650000000000000000e+02
-1.141492970880983648e+02,-1.182089360047843911e+02,-2.326371795071327142e+01,-1.417674939857079153e+01,-9.247118269027942006e+01,-7.543423155750588194e+01,-4.100202061501022399e+00,-5.630988543005105385e+01,9.523238182067871094e+00,-8.414105772972106934e-01,-1.912296712398529053e-01,4.660000000000000000e+02
-1.160746715361556198e+02,-1.173167081976171175e+02,-2.510821953834783926e+01,-1.472189345882816269e+01,-9.353617155855499732e+01,-7.466773824215124478e+01,-3.147519680453115143e+00,-5.817185415661469960e+01,9.523238182067871094e+00,-8.414105772972106934e-01,-1.912296712398529053e-01,4.670000000000000000e+02
-1.167393644062558451e+02,-1.150681730191231509e+02,-2.592782999568203195e+01,-1.527728442501575046e+01,-9.352357533736176265e+01,-7.382555766036057321e+01,-4.884255618858333037e-01,-5.962387850961476943e+01,9.523238182067871094e+00,-8.414105772972106934e-01,-1.912296712398529053e-01,4.680000000000000000e+02
-1.158513847133253876e+02,-1.121286112336988481e+02,-2.542057405832133554e+01,-1.577988379573071143e+01,-9.244574084117220991e+01,-7.296591983830603567e+01,2.229476944558655305e+00,-6.013656998726355596e+01,9.523238182067871094e+00,-8.414105772972106934e-01,-1.912296712398529053e-01,4.690000000000000000e+02
-1.139402702130796570e+02,-1.093454414251170874e+02,-2.371878864606242132e+01,-1.612261508940991916e+01,-9.077713434151564798e+01,-7.212072594141955051e+01,3.456384830251863605e+00,-5.960690195040569961e+01,9.523238182067871094e+00,-8.414105772972106934e-01,-1.912296712398529053e-01,4.700000000000000000e+02
-1.118726226956689516e+02,-1.068635496487966066e+02,-2.129255649090578117e+01,-1.623051621589047500e+01,-8.888611643510375870e+01,-7.120028606991081688e+01,2.745412097869120771e+00,-5.835778456784964874e+01,9.523238182067871094e+00,-8.414105772972106934e-01,-1.912296712398529053e-01,4.710000000000000000e+02
-1.102347492275885088e+02,-1.040519211859043480e+02,-1.872043333885449101e+01,-1.616037292526971214e+01,-8.679647921380728803e+01,-7.010973429879777541e+01,9.484570012796211813e-01,-5.681026283649862307e+01,9.523238182067871094e+00,-8.414105772972106934e-01,-1.912296712398529053e-01,4.720000000000000000e+02
-1.090814502071784773e+02,-1.002897208902493276e+02,-1.647727206672425382e+01,-1.603834941331115260e+01,-8.445194420932693902e+01,-6.891807138821286571e+01,-4.929189785004837177e-01,-5.513139906285232428e+01,9.523238182067871094e+00,-8.414105772972106934e-01,-1.912296712398529053e-01,4.730000000000000000e+02
-1.081784782938013905e+02,-9.578172783283025638e+01,-1.485041476296260043e+01,-1.588194737227104270e+01,-8.209474878758419436e+01,-6.786066321998805506e+01,-5.773494071040659037e-01,-5.320250300703173707e+01,9.523238182067871094e+00,-8.414105772972106934e-01,-1.912296712398529053e-01,4.740000000000000000e+02
-1.074149844116420809e+02,-9.156311396392629831e+01,-1.397068544186208783e+01,-1.557361908858774768e+01,-8.028264654460008387e+01,-6.717026729835060905e+01,6.598075437300394697e-01,-5.096574068041036298e+01,9.523238182067871094e+00,-8.414105772972106934e-01,-1.912296712398529053e-01,4.750000000000000000e+02
-1.069637084461089671e+02,-8.867660777513287940e+01,-1.384635257953095788e+01,-1.511245905988471350e+01,-7.950187151129284757e+01,-6.692277382045267586e+01,2.336930124688933574e+00,-4.880711357208656409e+01,9.523238182067871094e+00,-8.414105772972106934e-01,-1.912296712398529053e-01,4.760000000000000000e+02
-1.070602141919032420e+02,-8.731003955813662287e+01,-1.433147653154060208e+01,-1.488181282988625753e+01,-7.977388473263681590e+01,-6.704745707692291035e+01,3.451854347635162412e+00,-4.752036269490054110e+01,9.523238182067871094e+00,-8.414105772972106934e-01,-1.912296712398529053e-01,4.770000000000000000e+02
-1.076473199181559721e+02,-8.666589271290126817e+01,-1.508453142274333914e+01,-1.551507491439633668e+01,-8.063083232135022627e+01,-6.742850738984907366e+01,3.565739341028802301e+00,-4.774326063556281952e+01,9.523238182067871094e+00,-8.414105772972106934e-01,-1.912296712398529053e-01,4.780000000000000000e+02
-1.082655127718533095e+02,-8.558891846555366101e+01,-1.565933096487424336e+01,-1.731823041580310019e+01,-8.146353209298376896e+01,-6.793524275380377730e+01,2.985706536453108129e+00,-4.929673133370943106e+01,9.523238182067871094e+00,-8.414105772972106934e-01,-1.912296712398529053e-01,4.790000000000000000e+02
-1.083504069808641361e+02,-8.331029609201414132e+01,-1.578807674778272485e+01,-1.977645808979377762e+01,-8.191699786559229324e+01,-6.836414681909354840e+01,2.388558118458377066e+00,-5.107622482969190969e+01,9.523238182067871094e+00,-8.414105772972106934e-01,-1.912296712398529053e-01,4.800000000000000000e+02
-1.076954499732778459e+02,-7.971273741343679831e+01,-1.567081254528784484e+01,-2.173651509784713198e+01,-8.202922419414039723e+01,-6.841897284114656941e+01,2.214411563944622685e+00,-5.173406055949931215e+01,9.523238182067871094e+00,-8.414105772972106934e-01,-1.912296712398529053e-01,4.810000000000000000e+02
-1.066652620820782431e+02,-7.514143943295584904e+01,-1.596043202479791034e+01,-2.225089474897595210e+01,-8.209670153020874750e+01,-6.783347497486920474e+01,2.284453147228077796e+00,-5.067542348511233286e+01,9.523238182067871094e+00,-8.414105772972106934e-01,-1.912296712398529053e-01,4.820000000000000000e+02
-1.059223361497220139e+02,-7.018483752901556727e+01,-1.729429271190247164e+01,-2.136542430258577951e+01,-8.245132205049389995e+01,-6.655609560157881788e+01,1.941282102357945405e+00,-4.853322002129152679e+01,9.523238182067871094e+00,-8.414105772972106934e-01,-1.912296712398529053e-01,4.830000000000000000e+02
-1.058238640004469744e+02,-6.563360970990174792e+01,-1.962113834123920242e+01,-2.007334996328881971e+01,-8.327621012294753200e+01,-6.479224246806234078e+01,6.546111742150060309e-01,-4.664865219806642926e+01,9.523238182067871094e+00,-8.414105772972106934e-01,-1.912296712398529053e-01,4.840000000000000000e+02
-1.059919898781861320e+02,-6.239484949338066144e+01,-2.189562980720097585e+01,-1.941981300333736726e+01,-8.446610920574926240e+01,-6.283671774736194493e+01,-1.353670163568494900e+00,-4.594023345717482698e+01,9.523238182067871094e+00,-8.414105772972106934e-01,-1.912296712398529053e-01,4.850000000000000000e+02
-1.054941152227970633e+02,-6.110026522772795943e+01,-2.256295298758755052e+01,-1.958226071942090130e+01,-8.555285666340591888e+01,-6.087047596417323803e+01,-3.028015613490651958e+00,-4.612694873941177320e+01,9.523238182067871094e+00,-8.414105772972106934e-01,-1.912296712398529053e-01,4.860000000000000000e+02
-1.035684420393347409e+02,-6.158180499200921076e+01,-2.063202409898985934e+01,-1.979935955300652495e+01,-8.581591696716759543e+01,-5.894164441850989533e+01,-3.133417337363880506e+00,-4.599057512289141414e+01,9.523238182067871094e+00,-8.414105772972106934e-01,-1.912296712398529053e-01,4.870000000000000000e+02
-1.003143093803882948e+02,-6.275698914054396482e+01,-1.654973844287928841e+01,-1.920655412555061048e+01,-8.466834976771701804e+01,-5.714592187828384340e+01,-1.216100255316177936e+00,-4.446385064866876746e+01,9.523238182067871094e+00,-8.414105772972106934e-01,-1.912296712398529053e-01,4.880000000000000000e+02
-9.673207904696528203e+01,-6.323199456769430071e+01,-1.209440864450380104e+01,-1.775887972913528756e+01,-8.215056790845414980e+01,-5.577701581787914620e+01,1.921192825480147803e+00,-4.160553604773895131e+01,9.484992027282714844e+00,-8.414105772972106934e-01,-1.529837548732757568e-01,4.890000000000000000e+02
-9.403105297836418686e+01,-6.224467915292643738e+01,-9.251470631400707134e+00,-1.633930993718263380e+01,-7.911928638188760488e+01,-5.521955678048743721e+01,4.696129969986486685e+00,-3.861861766553874986e+01,9.484992027282714844e+00,-8.414105772972106934e-01,-1.529837548732757568e-01,4.900000000000000000e+02
-9.277314833469063160e+01,-6.016325236909597152e+01,-8.896872757914934482e+00,-1.595279079093256769e+01,-7.684142483057485151e+01,-5.562284775626358169e+01,5.850408913478304385e+00,-3.692066677039588285e+01,9.484992027282714844e+00,-8.414105772972106934e-01,-1.529837548732757568e-01,4.910000000000000000e+02
-9.258979097900532906e+01,-5.810189103514721864e+01,-1.032715219009742214e+01,-1.678763379178349169e+01,-7.618736966276946987e+01,-5.666212315153507006e+01,5.265785891798259399e+00,-3.709129903818802632e+01,9.484992027282714844e+00,-8.414105772972106934e-01,-1.529837548732757568e-01,4.920000000000000000e+02
-9.268621323739307627e+01,-5.699714578137400167e+01,-1.199335597206072634e+01,-1.803502359336357586e+01,-7.704590410259243072e+01,-5.767387579088335769e+01,3.794673907389324086e+00,-3.857293401227434515e+01,9.484992027282714844e+00,-8.414105772972106934e-01,-1.529837548732757568e-01,4.930000000000000000e+02
-9.259687343294149287e+01,-5.692264650313768470e+01,-1.275125593611005570e+01,-1.861797777733318071e+01,-7.846909370862977084e+01,-5.812381549719475515e+01,2.337887973836586752e+00,-4.027031675110697506e+01,9.484992027282714844e+00,-8.414105772972106934e-01,-1.529837548732757568e-01,4.940000000000000000e+02
-9.244100583562180873e+01,-5.712991404780143512e+01,-1.253469952406999255e+01,-1.811182810258492282e+01,-7.941842159959401215e+01,-5.801344520464886045e+01,1.111542014524275146e+00,-4.139447154647768912e+01,9.484992027282714844e+00,-8.414105772972106934e-01,-1.529837548732757568e-01,4.950000000000000000e+02
-9.248204909967182630e+01,-5.663169759971469830e+01,-1.196626220989219291e+01,-1.698293615804254841e+01,-7.944173478035600056e+01,-5.781964402508242529e+01,-1.749819152075815509e-01,-4.176720696718393810e+01,9.484992027282714844e+00,-8.414105772972106934e-01,-1.529837548732757568e-01,4.960000000000000000e+02
-9.252994912453732468e+01,-5.477710222181701738e+01,-1.143134348384671739e+01,-1.594811791338179319e+01,-7.870679564982651755e+01,-5.795436016542475954e+01,-1.458213705988782749e+00,-4.143226524960982715e+01,9.484992027282714844e+00,-8.414105772972106934e-01,-1.529837548732757568e-01,4.970000000000000000e+02
-9.191880785238856788e+01,-5.148449365127692090e+01,-1.060301494563736924e+01,-1.511167395582447170e+01,-7.748694084985550035e+01,-5.821168954966060483e+01,-1.767749059212064822e+00,-4.015196987999479461e+01,9.484992027282714844e+00,-8.414105772972106934e-01,-1.529837548732757568e-01,4.980000000000000000e+02
-9.016983080721536226e+01,-4.720631508646772545e+01,-8.867230179379816946e+00,-1.374428167184873928e+01,-7.573888145977548447e+01,-5.776503952529174057e+01,2.723098067574483139e-01,-3.745070910282277055e+01,9.484992027282714844e+00,-8.414105772972106934e-01,-1.529837548732757568e-01,4.990000000000000000e+02
-8.763439612492334163e+01,-4.281925324437668223e+01,-6.135019590812817114e+00,-1.093938899293061695e+01,-7.323820743585088167e+01,-5.580897218029167561e+01,5.219884929997078871e+00,-3.322142626292702516e+01,9.484992027282714844e+00,-8.414105772972106934e-01,-1.529837548732757568e-01,5.000000000000000000e+02
-8.536295729353992101e+01,-3.944908060786599435e+01,-3.129405610963203799e+00,-6.527901686760969824e+00,-7.006172582685576344e+01,-5.231984198199847924e+01,1.202257263268757015e+01,-2.822248168299847748e+01,9.484992027282714844e+00,-8.414105772972106934e-01,-1.529837548732757568e-01,5.010000000000000000e+02
-8.420459500587162438e+01,-3.808800750399120716e+01,-7.771780421642233705e-01,-1.374674250277280407e+00,-6.676841662102788177e+01,-4.821651529199880315e+01,1.853510060939220239e+01,-2.379444882032112218e+01,9.484992027282714844e+00,-8.414105772972106934e-01,-1.529837548732757568e-01,5.020000000000000000e+02
-8.398719316278595670e+01,-3.906111909140383887e+01,6.974590772013016249e-01,3.228964661612053533e+00,-6.397057625861850738e+01,-4.470713971954864974e+01,2.301851405372610770e+01,-2.089553299758517824e+01,9.484992027282714844e+00,-8.414105772972106934e-01,-1.529837548732757568e-01,5.030000000000000000e+02
-8.362492706300878353e+01,-4.172479198226778863e+01,2.034169897561923790e+00,6.513160058319272139e+00,-6.171928043692764732e+01,-4.236754837190380840e+01,2.532456201179570598e+01,-1.931581000016831240e+01,9.484992027282714844e+00,-8.414105772972106934e-01,-1.529837548732757568e-01,5.040000000000000000e+02
-8.209816087213619085e+01,-4.476961053334434837e+01,4.243804224708981110e+00,8.666548486654164662e+00,-5.941056740870408248e+01,-4.078374999942809609e+01,2.670863725915944542e+01,-1.785842134020572303e+01,9.484992027282714844e+00,-8.414105772972106934e-01,-1.529837548732757568e-01,5.050000000000000000e+02
-7.937066177237056763e+01,-4.704860789399049281e+01,7.604060156844411722e+00,1.042667595676061865e+01,-5.639346791490788746e+01,-3.906608344809399114e+01,2.846966763372171272e+01,-1.538217374026362450e+01,9.484992027282714844e+00,-8.414105772972106934e-01,-1.529837548732757568e-01,5.060000000000000000e+02
-7.635521873431366657e+01,-4.833143159334548500e+01,1.131136685393124708e+01,1.228742561783133169e+01,-5.268199659420082526e+01,-3.673678170345090166e+01,3.068200398889268854e+01,-1.176736747976048036e+01,9.484992027282714844e+00,-8.414105772972106934e-01,-1.529837548732757568e-01,5.070000000000000000e+02
-7.399940199937086049e+01,-4.937471823934032500e+01,1.411197839325728864e+01,1.408754996661775749e+01,-4.903882452743590648e+01,-3.417146219992849865e+01,3.216333979050074277e+01,-7.941493208936748260e+00,9.484992027282714844e+00,-8.414105772972106934e-01,-1.529837548732757568e-01,5.080000000000000000e+02
-7.244112780924000106e+01,-5.123021286816637598e+01,1.530019067589927317e+01,1.529667227945827790e+01,-4.636504499302381532e+01,-3.223353881292698020e+01,3.165201254873952053e+01,-5.010427114657630909e+00,9.484992027282714844e+00,-8.414105772972106934e-01,-1.529837548732757568e-01,5.090000000000000000e+02
-7.107242863964380319e+01,-5.434095893301787328e+01,1.515319427246230077e+01,1.560934728367372770e+01,-4.504902646795767396e+01,-3.151683112002672260e+01,2.904607916708546611e+01,-3.386993665085839211e+00,9.484992027282714844e+00,-8.414105772972106934e-01,-1.529837548732757568e-01,5.100000000000000000e+02
-6.937049869552359382e+01,-5.814835563681137387e+01,1.449136228884944444e+01,1.523037514785426083e+01,-4.490021541618533263e+01,-3.190957706151382922e+01,2.557557756110333003e+01,-2.720288219866787927e+00,9.484992027282714844e+00,-8.414105772972106934e-01,-1.529837548732757568e-01,5.110000000000000000e+02
-6.757556754252334485e+01,-6.150856075017568969e+01,1.390499723596599324e+01,1.463199682669738877e+01,-4.559783536791184133e+01,-3.279764968869898212e+01,2.281227217265615081e+01,-2.555971441430756386e+00,9.484992027282714844e+00,-8.414105772972106934e-01,-1.529837548732757568e-01,5.120000000000000000e+02
-6.648316002898855004e+01,-6.355753468434369324e+01,1.342917331193072528e+01,1.411883031925049181e+01,-4.701541016990108801e+01,-3.359123381069770176e+01,2.149434921256266762e+01,-2.907175616372114746e+00,9.484992027282714844e+00,-8.414105772972106934e-01,-1.529837548732757568e-01,5.130000000000000000e+02
-6.658571780905930382e+01,-6.431820229278127954e+01,1.289084707852589418e+01,1.367919319125201127e+01,-4.899693045613292952e+01,-3.403563606304226141e+01,2.123442789435512168e+01,-4.062508474223136545e+00,9.484992027282714844e+00,-8.414105772972106934e-01,-1.529837548732757568e-01,5.140000000000000000e+02
-6.747259412943475354e+01,-6.458929061390682591e+01,1.243080393089030622e+01,1.321911290899549840e+01,-5.090288831914870116e+01,-3.409415537017537190e+01,2.124812620963825793e+01,-5.834185038543409973e+00,9.484992027282714844e+00,-8.414105772972106934e-01,-1.529837548732757568e-01,5.150000000000000000e+02
-6.811088648335407925e+01,-6.522885714755432218e+01,1.255963929354902575e+01,1.286428560643514629e+01,-5.161675426256215360e+01,-3.365714420930930828e+01,2.128612122256339489e+01,-7.107765625420142896e+00,9.484992027282714844e+00,-8.414105772972106934e-01,-1.529837548732757568e-01,5.160000000000000000e+02
-6.772286740098536484e+01,-6.641673031026914487e+01,1.367164543911235342e+01,1.298079505293026159e+01,-5.024720950785490459e+01,-3.245180851166321645e+01,2.185936912500346807e+01,-6.318760829034204107e+00,9.484992027282714844e+00,-8.414105772972106934e-01,-1.529837548732757568e-01,5.170000000000000000e+02
-6.637735026580048725e+01,-6.749815844949284838e+01,1.555529152026053907e+01,1.390174468282270936e+01,-4.694669527654764352e+01,-3.026176311030940269e+01,2.361633492731573369e+01,-2.589201296442297462e+00,9.484992027282714844e+00,-8.414105772972106934e-01,-1.529837548732757568e-01,5.180000000000000000e+02
-6.475333020617813418e+01,-6.755044415791098800e+01,1.746137751929393289e+01,1.565592104591041789e+01,-4.300604897793505188e+01,-2.722765638436453628e+01,2.657088212300914165e+01,3.435398339683501945e+00,9.484992027282714844e+00,-8.414105772972106934e-01,-1.529837548732757568e-01,5.190000000000000000e+02
-6.338442693327908728e+01,-6.620519932122135742e+01,1.871932709005307061e+01,1.795695979383413032e+01,-3.999292999132103432e+01,-2.391781707183872641e+01,2.996687708519107218e+01,9.827821406010343708e+00,9.523238182067871094e+00,-8.796565532684326172e-01,-1.147378161549568176e-01,5.200000000000000000e+02
-6.217813936429934074e+01,-6.400467010082093111e+01,1.932458900955055014e+01,2.040993755647332364e+01,-3.861230271614181220e+01,-2.107665108132687237e+01,3.286837365430938007e+01,1.457200798607982506e+01,9.523238182067871094e+00,-8.796565532684326172e-01,-1.147378161549568176e-01,5.210000000000000000e+02
-6.066382744004658889e+01,-6.192552196341171111e+01,1.992095298566391648e+01,2.269462787876068433e+01,-3.828377347199148062e+01,-1.923011450100898401e+01,3.484525727614982316e+01,1.679508537904462173e+01,9.523238182067871094e+00,-8.796565532684326172e-01,-1.147378161549568176e-01,5.220000000000000000e+02
-5.866480226819408017e+01,-6.043335714019417537e+01,2.117758758520744777e+01,2.456984454082112279e+01,-3.779875985011858575e+01,-1.842633306818152050e+01,3.609764503494170640e+01,1.713079670506272123e+01,9.523238182067871094e+00,-8.796565532684326172e-01,-1.147378161549568176e-01,5.230000000000000000e+02
-5.669480817674957507e+01,-5.892424773654033743e+01,2.311044397303044207e+01,2.578303795111423824e+01,-3.647971239746584615e+01,-1.829030689949740918e+01,3.697442027249712737e+01,1.701335208655200404e+01,9.523238182067871094e+00,-8.796565532684326172e-01,-1.147378161549568176e-01,5.240000000000000000e+02
-5.567520388264620124e+01,-5.616486492647936757e+01,2.494385940330357698e+01,2.608008314695780427e+01,-3.484064529623856288e+01,-1.834555922506888237e+01,3.744516716493944841e+01,1.751015115246718779e+01,9.523238182067871094e+00,-8.796565532684326172e-01,-1.147378161549568176e-01,5.250000000000000000e+02
-5.621188421593751627e+01,-5.146377363319675169e+01,2.565042178840303677e+01,2.537565449910744064e+01,-3.417861428920946310e+01,-1.835065811118056445e+01,3.710458542364472123e+01,1.860797552292274304e+01,9.523238182067871094e+00,-8.796565532684326172e-01,-1.147378161549568176e-01,5.260000000000000000e+02
-5.805339719753169447e+01,-4.554291970013036916e+01,2.473480733427004452e+01,2.392873342568373118e+01,-3.544947578601659188e+01,-1.839112352078427648e+01,3.567766580406805588e+01,1.944465190092842022e+01,9.523238182067871094e+00,-8.796565532684326172e-01,-1.147378161549568176e-01,5.270000000000000000e+02
-6.018902607236623226e+01,-4.022487118991239186e+01,2.263790714618085076e+01,2.230712028600009944e+01,-3.838437830036582454e+01,-1.867131993246130151e+01,3.345050631726553547e+01,1.920480661072724615e+01,9.523238182067871094e+00,-8.796565532684326172e-01,-1.147378161549568176e-01,5.280000000000000000e+02
-6.149849897129615783e+01,-3.707227682049733630e+01,2.046641630956764857e+01,2.109292269224351912e+01,-4.156585120821955570e+01,-1.920928830655338970e+01,3.115590319138482300e+01,1.792240345626032649e+01,9.523238182067871094e+00,-8.796565532684326172e-01,-1.147378161549568176e-01,5.290000000000000000e+02
-6.145877346822499021e+01,-3.612048575025619357e+01,1.926395646742025747e+01,2.052397088852831075e+01,-4.337889968977560784e+01,-1.972540940349608718e+01,2.941964559940015533e+01,1.656089940283845863e+01,9.523238182067871094e+00,-8.796565532684326172e-01,-1.147378161549568176e-01,5.300000000000000000e+02
-6.040904941007647722e+01,-3.585002112543998010e+01,1.937106892792780855e+01,2.036151795411478815e+01,-4.306705069737881786e+01,-1.984248604419281037e+01,2.833409899804155430e+01,1.633741835935052222e+01,9.523238182067871094e+00,-8.796565532684326172e-01,-1.147378161549568176e-01,5.310000000000000000e+02
-5.921118391603977216e+01,-3.444667024725595184e+01,2.032799369878239304e+01,2.010308034051558934e+01,-4.109450173968571107e+01,-1.941288775647217335e+01,2.759882239477246912e+01,1.785565168636821909e+01,9.523238182067871094e+00,-8.796565532684326172e-01,-1.147378161549568176e-01,5.320000000000000000e+02
-5.857567361640622039e+01,-3.121876325822586296e+01,2.135801161287008654e+01,1.938341158564526268e+01,-3.861307112437407341e+01,-1.865352374186477391e+01,2.706192402441956801e+01,2.073506131217709481e+01,9.523238182067871094e+00,-8.796565532684326172e-01,-1.147378161549568176e-01,5.330000000000000000e+02
-5.854318583595477321e+01,-2.690612624713958212e+01,2.205077085840048312e+01,1.824716326097495767e+01,-3.654227044609524455e+01,-1.794485539088964288e+01,2.708147432995792769e+01,2.399947026735208055e+01,9.523238182067871094e+00,-8.796565532684326172e-01,-1.147378161549568176e-01,5.340000000000000000e+02
-5.849471499268338448e+01,-2.272602607897579219e+01,2.269297364600834044e+01,1.708773002278940112e+01,-3.501199160109808872e+01,-1.748428154800603807e+01,2.827916049780151297e+01,2.685679859688116267e+01,9.523238182067871094e+00,-8.796565532684326172e-01,-1.147378161549568176e-01,5.350000000000000000e+02
-5.765590958140546718e+01,-1.919435368754830051e+01,2.396946427698367188e+01,1.634171076930488198e+01,-3.352039788082311134e+01,-1.710519644554187835e+01,3.087766838335346620e+01,2.921717259166189251e+01,9.523238182067871094e+00,-8.796565532684326172e-01,-1.147378161549568176e-01,5.360000000000000000e+02
-5.568912410406483104e+01,-1.588847521589923417e+01,2.626711144141927434e+01,1.621298724615826359e+01,-3.156213471934006520e+01,-1.641125125367307191e+01,3.424623617540828491e+01,3.156291279796869276e+01,9.523238182067871094e+00,-8.796565532684326172e-01,-1.147378161549568176e-01,5.370000000000000000e+02
-5.291326495066914504e+01,-1.227301592689127574e+01,2.917239043488280004e+01,1.663739348846320354e+01,-2.916545088784369000e+01,-1.509474962176227564e+01,3.711533471160419140e+01,3.434678241253413944e+01,9.523238182067871094e+00,-8.796565532684326172e-01,-1.147378161549568176e-01,5.380000000000000000e+02
-5.001728516988760020e+01,-8.585185365325287421e+00,3.162866591608872113e+01,1.745214152935113816e+01,-2.693897369197566150e+01,-1.318353711388772354e+01,3.834091062926745508e+01,3.746286133102239546e+01,9.523238182067871094e+00,-8.796565532684326172e-01,-1.147378161549568176e-01,5.390000000000000000e+02
-4.755003740047777683e+01,-5.769743639676562452e+00,3.267717925940405621e+01,1.854518856537924876e+01,-2.564575650869937817e+01,-1.105434081558178150e+01,3.762839031899056863e+01,4.023681528287943365e+01,9.523238182067871094e+00,-8.796565532684326172e-01,-1.147378161549568176e-01,5.400000000000000000e+02
-4.562790463639930749e+01,-4.533987560935656802e+00,3.219021318377963325e+01,1.982298983370310452e+01,-2.565555510666217742e+01,-9.256736029266903643e+00,3.567059030708787759e+01,4.190909680110962654e+01,9.484992027282714844e+00,-9.179025292396545410e-01,-1.529837548732757568e-01,5.410000000000000000e+02
-4.405619562481660978e+01,-4.573589839949363522e+00,3.098562016208552450e+01,2.106934396863562142e+01,-2.665798105933936313e+01,-8.283985733373810945e+00,3.366278034195465807e+01,4.218722862706999877e+01,9.484992027282714844e+00,-9.179025292396545410e-01,-1.529837548732757568e-01,5.420000000000000000e+02
-4.266851709993989061e+01,-4.851822737048678391e+00,3.022988978112289260e+01,2.191727523551162449e+01,-2.781593837312357209e+01,-8.394557027619157452e+00,3.261384403326064785e+01,4.144010826487829036e+01,9.484992027282714844e+00,-9.179025292396545410e-01,-1.529837548732757568e-01,5.430000000000000000e+02
-4.152977651155924832e+01,-4.669407939453776635e+00,3.061976633106633017e+01,2.205172469725039264e+01,-2.826556355108004936e+01,-9.530589631331167766e+00,3.291754747483901156e+01,4.043962168308917171e+01,9.484992027282714844e+00,-9.179025292396545410e-01,-1.529837548732757568e-01,5.440000000000000000e+02
-4.084241974786345963e+01,-4.384455489399442740e+00,3.198578875679277189e+01,2.150987166416416585e+01,-2.764968164553465613e+01,-1.133432743103367102e+01,3.434936111029492167e+01,3.991177382991827471e+01,9.484992027282714844e+00,-9.179025292396545410e-01,-1.529837548732757568e-01,5.450000000000000000e+02
-4.071100540197130613e+01,-4.994123253472935176e+00,3.355945802949008794e+01,2.078977335633680923e+01,-2.632906103447476198e+01,-1.325235510475795309e+01,3.633524776829290204e+01,4.022640926757958368e+01,9.484992027282714844e+00,-9.179025292396545410e-01,-1.529837548732757568e-01,5.460000000000000000e+02
-4.103644942223672842e+01,-6.998846255905846192e+00,3.458325669012447179e+01,2.059462271727807092e+01,-2.511258542480027245e+01,-1.471025275121428422e+01,3.823976025652336830e+01,4.134685813973283075e+01,9.484992027282714844e+00,-9.179025292396545410e-01,-1.529837548732757568e-01,5.470000000000000000e+02
-4.161732340306116384e+01,-9.732436102257452148e+00,3.475855246072296723e+01,2.135820108037478349e+01,-2.467321133026234747e+01,-1.530641020764687710e+01,3.956527551529234188e+01,4.294748304290715168e+01,9.484992027282714844e+00,-9.179025292396545410e-01,-1.529837548732757568e-01,5.480000000000000000e+02
-4.227837046702552470e+01,-1.187928623242441972e+01,3.431015632289745554e+01,2.291462499413682963e+01,-2.504658909525915078e+01,-1.494773501595045673e+01,4.010733132444056537e+01,4.458351610098907258e+01,9.484992027282714844e+00,-9.179025292396545410e-01,-1.529837548732757568e-01,5.490000000000000000e+02
-4.286252624916232890e+01,-1.268328709723209613e+01,3.377277310456793202e+01,2.459236934921682405e+01,-2.558729887584013341e+01,-1.386545356594433542e+01,4.004850698382142582e+01,4.587034905005293695e+01,9.484992027282714844e+00,-9.179025292396545410e-01,-1.529837548732757568e-01,5.500000000000000000e+02
-4.313941949637410289e+01,-1.267261867443448864e+01,3.371104089662730985e+01,2.567551029518745054e+01,-2.541914705551425868e+01,-1.250281949793134117e+01,3.986795356013499259e+01,4.665868497058272624e+01,9.484992027282714844e+00,-9.179025292396545410e-01,-1.529837548732757568e-01,5.510000000000000000e+02
-4.281965588468301576e+01,-1.322296746644769883e+01,3.446960299223246693e+01,2.587392221483150934e+01,-2.403660328624664544e+01,-1.131829051491149585e+01,4.000902331244469678e+01,4.712587746401641198e+01,9.484992027282714844e+00,-9.179025292396545410e-01,-1.529837548732757568e-01,5.520000000000000000e+02
-4.175554212746192206e+01,-1.542451320566760842e+01,3.598065912344645767e+01,2.543053191432045423e+01,-2.161908521780605952e+01,-1.059854106874081481e+01,4.047791518629946950e+01,4.766568175739939761e+01,9.484992027282714844e+00,-9.179025292396545410e-01,-1.529837548732757568e-01,5.530000000000000000e+02
-4.013020161757049209e+01,-1.931247294443710416e+01,3.774755850420388015e+01,2.481626947977929376e+01,-1.884529329878751014e+01,-1.036666150030578137e+01,4.075481484982537950e+01,4.860138724905209529e+01,9.484992027282714844e+00,-9.179025292396545410e-01,-1.529837548732757568e-01,5.540000000000000000e+02
-3.837736708351076231e+01,-2.404049009084610589e+01,3.914647789674290834e+01,2.432044625842900132e+01,-1.639714863806966605e+01,-1.041864562378759729e+01,4.023002542292215367e+01,4.994067143397023756e+01,9.484992027282714844e+00,-9.179025292396545410e-01,-1.529837548732757568e-01,5.550000000000000000e+02
-3.683847164816052100e+01,-2.862432173442539352e+01,3.995167916167793010e+01,2.391895750969888468e+01,-1.454372903534022043e+01,-1.043186827487079427e+01,3.890273168362000433e+01,5.141766991698023048e+01,9.484992027282714844e+00,-9.179025292396545410e-01,-1.529837548732757568e-01,5.560000000000000000e+02
-3.547858988363896060e+01,-3.246313475889837719e+01,4.064305229755700566e+01,2.350621148122263548e+01,-1.309298929906981357e+01,-1.006846791741372726e+01,3.770840577713715902e+01,5.280138232365607109e+01,9.484992027282714844e+00,-9.179025292396545410e-01,-1.529837548732757568e-01,5.570000000000000000e+02
-3.399809869235377846e+01,-3.527786333799576823e+01,4.206349500129181251e+01,2.319332929482334293e+01,-1.170525097813879256e+01,-9.063073115594306728e+00,3.801431019147003099e+01,5.414093553478960530e+01,9.484992027282714844e+00,-9.179025292396545410e-01,-1.529837548732757568e-01,5.580000000000000000e+02
-3.227978651853936753e+01,-3.681418406796001364e+01,4.456254330407500674e+01,2.330364304410795739e+01,-1.030254255328327417e+01,-7.339364966603170615e+00,4.052520863989138888e+01,5.563166265081963502e+01,9.484992027282714844e+00,-9.179025292396545410e-01,-1.529837548732757568e-01,5.590000000000000000e+02
-3.072885282727474987e+01,-3.684251407488773111e+01,4.740037573406425508e+01,2.403770962977432646e+01,-9.221799261185879004e+00,-5.134124090194745804e+00,4.448935085770608566e+01,5.721094516405901231e+01,9.484992027282714844e+00,-9.179025292396545410e-01,-1.529837548732757568e-01,5.600000000000000000e+02
-3.008451400755984650e+01,-3.552505453285357362e+01,4.913944946093579347e+01,2.517239645076188026e+01,-8.949329477487481199e+00,-3.003150992570226663e+00,4.800014624874347646e+01,5.835583678724105994e+01,9.484992027282714844e+00,-9.179025292396545410e-01,-1.529837548732757568e-01,5.610000000000000000e+02
-3.077666988360033429e+01,-3.369471312092991866e+01,4.886200251958780427e+01,2.617146702688478399e+01,-9.623068588411115343e+00,-1.585354107739476603e+00,4.929536790516067413e+01,5.842613438778062118e+01,9.484992027282714844e+00,-9.179025292396545410e-01,-1.529837548732757568e-01,5.620000000000000000e+02
-3.241463222757738549e+01,-3.260374446113019076e+01,4.712872511949080945e+01,2.666800373142723402e+01,-1.073351278318659752e+01,-1.205490330343309324e+00,4.802924729952155758e+01,5.732981956820185587e+01,9.484992027282714844e+00,-9.179025292396545410e-01,-1.529837548732757568e-01,5.630000000000000000e+02
-3.394943638426229882e+01,-3.322761384577916033e+01,4.564075207450969174e+01,2.684247368309479498e+01,-1.136630660112132318e+01,-1.621551866261143005e+00,4.542245026026557753e+01,5.584524314397094713e+01,9.484992027282714844e+00,-9.179025292396545410e-01,-1.529837548732757568e-01,5.640000000000000000e+02
-3.445059085748016514e+01,-3.566580862958744547e+01,4.573081603656464722e+01,2.727853897677414352e+01,-1.089049999579219730e+01,-2.175698444696536171e+00,4.314010830002916919e+01,5.516220033852368942e+01,9.484992027282714844e+00,-9.179025292396545410e-01,-1.529837548732757568e-01,5.650000000000000000e+02
-3.385786236367130186e+01,-3.908992665260484500e+01,4.702103225728478719e+01,2.838006537735782331e+01,-9.561628933486645110e+00,-2.283009558286721585e+00,4.189644498899542668e+01,5.593900052576464077e+01,9.484992027282714844e+00,-8.031646609306335449e-01,-1.147378161549568176e-01,5.660000000000000000e+02
-3.303400788699946133e+01,-4.219492544774584530e+01,4.760429101205409097e+01,2.991101156866352540e+01,-8.481994414631117252e+00,-1.845775241123192245e+00,4.106472107371700986e+01,5.772003090224279731e+01,9.484992027282714844e+00,-8.031646609306335449e-01,-1.147378161549568176e-01,5.670000000000000000e+02
-3.306614658870057610e+01,-4.377048475878837053e+01,4.573459283681040688e+01,3.114643891936248110e+01,-8.839073250193905551e+00,-1.212214516632229788e+00,3.962381495272347820e+01,5.929937926831007644e+01,9.484992027282714844e+00,-8.031646609306335449e-01,-1.147378161549568176e-01,5.680000000000000000e+02
-3.441896131260364200e+01,-4.307256730368681019e+01,4.155306108739932824e+01,3.152715391917081433e+01,-1.096861921457821154e+01,-7.252713807120017009e-01,3.748750431647204095e+01,5.975299876655117259e+01,9.484992027282714844e+00,-8.031646609306335449e-01,-1.147378161549568176e-01,5.690000000000000000e+02
-3.662861742349014094e+01,-3.996850108469880070e+01,3.724231724369565200e+01,3.120570644075633027e+01,-1.397583294051401026e+01,-3.050664906477322802e-01,3.586981178773385182e+01,5.922776369287930720e+01,9.484992027282714844e+00,-8.031646609306335449e-01,-1.147378161549568176e-01,5.700000000000000000e+02
-3.869710440026392462e+01,-3.494648578373016790e+01,3.540919504724843137e+01,3.096649452074598230e+01,-1.623641210183814110e+01,5.188723567389388336e-01,3.626085881791368593e+01,5.879338458550773794e+01,9.484992027282714844e+00,-8.031646609306335449e-01,-1.147378161549568176e-01,5.710000000000000000e+02
-3.975125121025303088e+01,-2.897139633093138400e+01,3.711462479175133922e+01,3.158502022311040491e+01,-1.641596597423267667e+01,2.156714037446363363e+00,3.895789955001237104e+01,5.951041012452697032e+01,9.484992027282714844e+00,-8.031646609306335449e-01,-1.147378161549568176e-01,5.720000000000000000e+02
-3.943640605012842570e+01,-2.310052171318238834e+01,4.124195732863881858e+01,3.319855523860314861e+01,-1.427216467700782232e+01,4.531734256914205616e+00,4.257388760437243036e+01,6.154813395745077287e+01,9.484992027282714844e+00,-8.031646609306335449e-01,-1.147378161549568176e-01,5.730000000000000000e+02
-3.789341866116410529e+01,-1.796807957421697211e+01,4.560217902968724957e+01,3.520511640628319583e+01,-1.071725943871388154e+01,7.071757096378860297e+00,4.504920739574481559e+01,6.408171540499097318e+01,9.484992027282714844e+00,-8.031646609306335449e-01,-1.147378161549568176e-01,5.740000000000000000e+02
-3.556340665308925963e+01,-1.351095743651421799e+01,4.862535348449091543e+01,3.671804514423638466e+01,-7.179403966949394089e+00,9.108409491367638111e+00,4.527754055804325617e+01,6.597713794209630578e+01,9.484992027282714844e+00,-8.031646609306335449e-01,-1.147378161549568176e-01,5.750000000000000000e+02
-3.307347852934799448e+01,-9.247848597386109759e+00,5.013409658009004488e+01,3.716793879042234039e+01,-4.748710478115754086e+00,1.031421747210697504e+01,4.386747877673951734e+01,6.662441528066847241e+01,9.484992027282714844e+00,-8.031646609306335449e-01,-1.147378161549568176e-01,5.760000000000000000e+02
-3.116172128805010288e+01,-4.943638269465736812e+00,5.077797524841298582e+01,3.661339920187856478e+01,-3.649764649579083198e+00,1.082331980206072330e+01,4.240954058199167775e+01,6.625520000073447591e+01,9.484992027282714844e+00,-8.031646609306335449e-01,-1.147378161549568176e-01,5.770000000000000000e+02
-3.044286589926014130e+01,-1.022653501353488537e+00,5.101734329425744363e+01,3.564006745312872226e+01,-3.304810434390674345e+00,1.101415591685508844e+01,4.204057832908438286e+01,6.561465593734646973e+01,9.484992027282714844e+00,-8.031646609306335449e-01,-1.147378161549568176e-01,5.780000000000000000e+02
-3.103149858236429282e+01,1.756227886964552454e+00,5.076742481139262964e+01,3.501637231874337886e+01,-2.871759784999085241e+00,1.120891342825416359e+01,4.266576103806619358e+01,6.537130723180780478e+01,9.484992027282714844e+00,-8.031646609306335449e-01,-1.147378161549568176e-01,5.790000000000000000e+02
-3.234743740129670186e+01,3.132880111994381878e+00,4.990574757551621587e+01,3.534138738294495852e+01,-1.857270353797503049e+00,1.154882762614579406e+01,4.344211133472526853e+01,6.576816579488331627e+01,9.484992027282714844e+00,-8.031646609306335449e-01,-1.147378161549568176e-01,5.800000000000000000e+02
-3.341275866603609757e+01,3.853564424291107571e+00,4.885678894934972050e+01,3.681613441996523761e+01,-3.764587466866942123e-01,1.207609136580867926e+01,4.384912260554119712e+01,6.670087527449686604e+01,9.484992027282714844e+00,-8.031646609306335449e-01,-1.147378161549568176e-01,5.810000000000000000e+02
-3.352093545087154780e+01,5.226243460716432310e+00,4.845410407516646956e+01,3.917100770162141998e+01,1.093454120255046291e+00,1.285230231661626021e+01,4.418088494971198088e+01,6.801804890532730496e+01,9.484992027282714844e+00,-8.031646609306335449e-01,-1.147378161549568176e-01,5.820000000000000000e+02
-3.272162014806781372e+01,8.026620334056133288e+00,4.919046635773702292e+01,4.176264764185907552e+01,2.224157840617408510e+00,1.395066069723907276e+01,4.503427324828408018e+01,6.970757541603234131e+01,9.484992027282714844e+00,-8.031646609306335449e-01,-1.147378161549568176e-01,5.830000000000000000e+02
-3.166310489510760817e+01,1.176682689313201990e+01,5.069872153612232069e+01,4.381376861710668891e+01,3.129706864361651242e+00,1.530661477402827586e+01,4.644364626296010101e+01,7.178879487301128393e+01,9.484992027282714844e+00,-8.031646609306335449e-01,-1.147378161549568176e-01,5.840000000000000000e+02
-3.091869786759161798e+01,1.508045918519201223e+01,5.207237274537328631e+01,4.472645036031099153e+01,4.173393593684522784e+00,1.658971102215582505e+01,4.763262813174878829e+01,7.405248449988903303e+01,9.484992027282714844e+00,-8.031646609306335449e-01,-1.147378161549568176e-01,5.850000000000000000e+02
-3.042915635241843120e+01,1.691359499116879306e+01,5.272292634310178983e+01,4.433447533783692052e+01,5.489298130185488844e+00,1.728477638372714864e+01,4.764623731991559907e+01,7.595196274261616054e+01,9.484992027282714844e+00,-8.031646609306335449e-01,-1.147378161549568176e-01,5.860000000000000000e+02
-2.961556459894563886e+01,1.739679013562999899e+01,5.286504663970481488e+01,4.295341157185976044e+01,6.715223353385226801e+00,1.699965302341661300e+01,4.618330425642125192e+01,7.682684491964755580e+01,9.484992027282714844e+00,-8.031646609306335449e-01,-1.147378161549568176e-01,5.870000000000000000e+02
-2.805262292038787564e+01,1.756766289627921651e+01,5.312265435125300428e+01,4.121553621974817361e+01,7.242156045133015141e+00,1.580634450550860493e+01,4.380970958616671851e+01,7.635240439142944524e+01,9.484992027282714844e+00,-8.031646609306335449e-01,-1.147378161549568176e-01,5.880000000000000000e+02
-2.603981524047048879e+01,1.824124000056690420e+01,5.370817633552360348e+01,3.979372706742651644e+01,6.758970052298536757e+00,1.432341120969067561e+01,4.145578117300647136e+01,7.487466598648461513e+01,9.484992027282714844e+00,-8.031646609306335449e-01,-1.147378161549568176e-01,5.890000000000000000e+02
-2.448366450139656081e+01,1.916197613489384821e+01,5.409546216986382206e+01,3.915974083649416571e+01,5.575491015231818892e+00,1.341235404571125400e+01,3.980091241588343109e+01,7.332012650564502110e+01,9.484992027282714844e+00,-8.031646609306335449e-01,-1.147378161549568176e-01,5.900000000000000000e+02
-2.416097901981993346e+01,1.925938482947640296e+01,5.358919093448457716e+01,3.947710129556799075e+01,4.435453980004240293e+00,1.366475430562059046e+01,3.910728824546094984e+01,7.268449728286213940e+01,9.484992027282714844e+00,-8.031646609306335449e-01,-1.147378161549568176e-01,5.910000000000000000e+02
-2.503098285041232884e+01,1.771635363639506977e+01,5.222865082212956622e+01,4.064070879815699300e+01,4.029208721050963504e+00,1.505359851484172395e+01,3.945202283972503210e+01,7.344800611011305591e+01,9.484992027282714844e+00,-8.031646609306335449e-01,-1.147378161549568176e-01,5.920000000000000000e+02
-2.621844491621413908e+01,1.477900311143275758e+01,5.105769623883134045e+01,4.239685157612984767e+01,4.640908463137748186e+00,1.700992670272171381e+01,4.086197191793144157e+01,7.533724881228044978e+01,9.484992027282714844e+00,-8.796565532684326172e-01,-1.147378161549568176e-01,5.930000000000000000e+02
-2.668067954176149215e+01,1.155508400833969063e+01,5.137418919702031417e+01,4.445145281130680814e+01,6.140214626895613037e+00,1.884047232014927431e+01,4.312190107534479466e+01,7.759168243341264315e+01,9.484992027282714844e+00,-8.796565532684326172e-01,-1.147378161549568176e-01,5.940000000000000000e+02
-2.597111910677813285e+01,9.057343360569575452e+00,5.358498581647472747e+01,4.652728874280364835e+01,8.153564161941176280e+00,2.014282863642074517e+01,4.558320115022434038e+01,7.949898954415766639e+01,9.484992027282714844e+00,-8.796565532684326172e-01,-1.147378161549568176e-01,5.950000000000000000e+02
-2.446786793748105993e+01,7.425546368869618163e+00,5.672229018272628309e+01,4.838449991129527916e+01,1.016520294477959396e+01,2.091572565229580505e+01,4.739308225645800121e+01,8.077527924690366490e+01,9.484992027282714844e+00,-8.796565532684326172e-01,-1.147378161549568176e-01,5.960000000000000000e+02
-2.294163412880880060e+01,5.987384014872077387e+00,5.909758654432334879e+01,4.983264958055951865e+01,1.154174694626635755e+01,2.135544318583197310e+01,4.807342676923508407e+01,8.153058087667159270e+01,9.484992027282714844e+00,-8.796565532684326172e-01,-1.147378161549568176e-01,5.970000000000000000e+02
-2.190700729479431175e+01,3.968910517389304005e+00,5.954851238379160350e+01,5.074936477927258238e+01,1.167627821939458954e+01,2.157990208047340275e+01,4.788077199055624078e+01,8.192697617848170921e+01,9.484992027282714844e+00,-8.796565532684326172e-01,-1.147378161549568176e-01,5.980000000000000000e+02
-2.130478308571036905e+01,1.134425314005056862e+00,5.823525486327707767e+01,5.109246243191955728e+01,1.031719970453559654e+01,2.153298061950408737e+01,4.754084114910801873e+01,8.190953833888852387e+01,9.484992027282714844e+00,-8.796565532684326172e-01,-1.147378161549568176e-01,5.990000000000000000e+02
-2.071047362072204123e+01,-2.129264713104930706e+00,5.638722959415099467e+01,5.091610717211733572e+01,7.846717047978017945e+00,2.112270962402544683e+01,4.760438906752824550e+01,8.130028956727983314e+01,9.484992027282714844e+00,-8.796565532684326172e-01,-1.147378161549568176e-01,6.000000000000000000e+02
-1.979441112354834331e+01,-5.174070918590587098e+00,5.533704263208346674e+01,5.040819486617692746e+01,5.197035348362987861e+00,2.043530150356673403e+01,4.807700917771580862e+01,8.016821764906489989e+01,9.484992027282714844e+00,-8.796565532684326172e-01,-1.147378161549568176e-01,6.010000000000000000e+02
-1.860031109140982153e+01,-7.499459045619005337e+00,5.569795643795805518e+01,4.992829606566010625e+01,3.386001200207829243e+00,1.981201155646704137e+01,4.863937358240946196e+01,7.908537836953109945e+01,9.484992027282714844e+00,-8.796565532684326172e-01,-1.147378161549568176e-01,6.020000000000000000e+02
-1.745384301617013989e+01,-8.984617953323322581e+00,5.725491622682238813e+01,4.994597709635854699e+01,3.005037419930886244e+00,1.968738187814233243e+01,4.907696786402084399e+01,7.892245622698828811e+01,9.484992027282714844e+00,-8.796565532684326172e-01,-1.147378161549568176e-01,6.030000000000000000e+02
-1.665210681173630292e+01,-9.977643982361769304e+00,5.942202574156181072e+01,5.079576134341186844e+01,4.022600895757932449e+00,2.026296224144971347e+01,4.932834867850760929e+01,8.023471199566120049e+01,9.484992027282714844e+00,-8.796565532684326172e-01,-1.147378161549568176e-01,6.040000000000000000e+02
-1.624176228352007456e+01,-1.126703836423985194e+01,6.169403830351438955e+01,5.234580845169693930e+01,5.962270644227828598e+00,2.125340000199503265e+01,4.911127042083535343e+01,8.272119708082027500e+01,9.484992027282714844e+00,-8.796565532684326172e-01,-1.147378161549568176e-01,6.050000000000000000e+02
-1.604701205126548302e+01,-1.379047144839569228e+01,6.373335743921779795e+01,5.387361760351268458e+01,8.224192815272544976e+00,2.195156139451864874e+01,4.775995298475027084e+01,8.528734818359589553e+01,9.484992027282714844e+00,-8.796565532684326172e-01,-1.147378161549568176e-01,6.060000000000000000e+02
-1.588085961953402148e+01,-1.802088791826827219e+01,6.521873557007347699e+01,5.439266591084378888e+01,1.029415097498349496e+01,2.165140807502029929e+01,4.477212873084135936e+01,8.677470866261501214e+01,9.484992027282714844e+00,-8.796565532684326172e-01,-1.147378161549568176e-01,6.070000000000000000e+02
-1.574818047658845899e+01,-2.336852545683359494e+01,6.580737912451513694e+01,5.332735403038532240e+01,1.178171470874076476e+01,2.017098336345225107e+01,4.068827060319745215e+01,8.681563631655080826e+01,9.484992027282714844e+00,-8.796565532684326172e-01,-1.147378161549568176e-01,6.080000000000000000e+02
-1.587618870625738055e+01,-2.821993019427100080e+01,6.535713760200087563e+01,5.104946991357428487e+01,1.243035589528153650e+01,1.806722476374125108e+01,3.729500382097103284e+01,8.611168791989257443e+01,9.484992027282714844e+00,-8.796565532684326172e-01,-1.147378161549568176e-01,6.090000000000000000e+02
-1.654404249816798256e+01,-3.086126012446038658e+01,6.418174255073972745e+01,4.878496279011596926e+01,1.222292099819969735e+01,1.633473507559392601e+01,3.660740170105054858e+01,8.590155194569888408e+01,9.484992027282714844e+00,-8.796565532684326172e-01,-1.147378161549568176e-01,6.100000000000000000e+02
-1.782397781301551731e+01,-3.072138496920888429e+01,6.301137391966040013e+01,4.785980888704216341e+01,1.150086392376033473e+01,1.578846123655239353e+01,3.929422926080951584e+01,8.705938828817670583e+01,9.484992027282714844e+00,-8.796565532684326172e-01,-1.147378161549568176e-01,6.110000000000000000e+02
-1.940553134193760343e+01,-2.891184870621509617e+01,6.261972583653914626e+01,4.881082768190390198e+01,1.091466109309112653e+01,1.659876810519926948e+01,4.395436363559201709e+01,8.954215449988259934e+01,9.484992027282714844e+00,-8.796565532684326172e-01,-1.147378161549568176e-01,6.120000000000000000e+02
-2.062223794478995842e+01,-2.749713534309557872e+01,6.341486147258547135e+01,5.104630795991033665e+01,1.114139395387974218e+01,1.831721044227742823e+01,4.803110252113401657e+01,9.255774731166093261e+01,9.484992027282714844e+00,-8.796565532684326172e-01,-1.147378161549568176e-01,6.130000000000000000e+02
-2.072405567207533750e+01,-2.801967966705342405e+01,6.530155446599383140e+01,5.330276569919078611e+01,1.250851510229767882e+01,2.028310612055793172e+01,4.965149995987303555e+01,9.518455017266387586e+01,9.484992027282714844e+00,-8.796565532684326172e-01,-1.147378161549568176e-01,6.140000000000000000e+02
-1.928359142253975733e+01,-3.047975659846997587e+01,6.784348453002530732e+01,5.452334162126498995e+01,1.478636501055370900e+01,2.201297248979244614e+01,4.880891232848443906e+01,9.688581038634220022e+01,9.484992027282714844e+00,-8.796565532684326172e-01,-1.147378161549568176e-01,6.150000000000000000e+02
-1.650882514988188632e+01,-3.357631518860944198e+01,7.050562384436125285e+01,5.448939009525201982e+01,1.732468324880028376e+01,2.328240238471335033e+01,4.694380673984414898e+01,9.761084595491774962e+01,9.484992027282714844e+00,-8.796565532684326172e-01,-1.147378161549568176e-01,6.160000000000000000e+02
-1.323713716541169561e+01,-3.589631504832868814e+01,7.280412784472355270e+01,5.380176034893520409e+01,1.947346650903273257e+01,2.399095742830832023e+01,4.551131059362887754e+01,9.763865729254393955e+01,9.484992027282714844e+00,-8.796565532684326172e-01,-1.147378161549568176e-01,6.170000000000000000e+02
-1.054337153159940499e+01,-3.693750611934592598e+01,7.441312734082748648e+01,5.335012268484570086e+01,2.101111123267764924e+01,2.409920025264000287e+01,4.499302623403491452e+01,9.746822042949497700e+01,9.484992027282714844e+00,-8.796565532684326172e-01,-1.147378161549568176e-01,6.180000000000000000e+02
-9.153915292416058946e+00,-3.715423038064909633e+01,7.534205630594078684e+01,5.374688506706297630e+01,2.227363838570090593e+01,2.374942513047426473e+01,4.516565940550935920e+01,9.780352174054860370e+01,9.484992027282714844e+00,-8.796565532684326172e-01,-1.147378161549568176e-01,6.190000000000000000e+02
-9.019436728183791274e+00,-3.721515813665610040e+01,7.609453650776777067e+01,5.511039816177071771e+01,2.389360696957737673e+01,2.337955752599373227e+01,4.603792000643443316e+01,9.940911700206925161e+01,9.484992027282714844e+00,-8.796565532684326172e-01,-1.147378161549568176e-01,6.200000000000000000e+02
-9.345359676906809909e+00,-3.734599630778757273e+01,7.752450020571268396e+01,5.721753395225096028e+01,2.632500148777762661e+01,2.357311618395760888e+01,4.819089049504691502e+01,1.027010612067933835e+02,9.484992027282714844e+00,-8.796565532684326172e-01,-1.147378161549568176e-01,6.210000000000000000e+02
-9.105009733804763528e+00,-3.736669087022892199e+01,8.026365628863641177e+01,5.975942699269944569e+01,2.947761984138196567e+01,2.466158774335781345e+01,5.201688009937788593e+01,1.073041832752933260e+02,9.484992027282714844e+00,-8.796565532684326172e-01,-1.147378161549568176e-01,6.220000000000000000e+02
-7.715769085581996478e+00,-3.721091521075868513e+01,8.405578313472142327e+01,6.243957318572211079e+01,3.269462546231079614e+01,2.639723864131519804e+01,5.669496963547862833e+01,1.120030007949244464e+02,9.484992027282714844e+00,-8.796565532684326172e-01,-1.147378161549568176e-01,6.230000000000000000e+02
-5.413012514225556515e+00,-3.724515704765144619e+01,8.761827828109016991e+01,6.487057931064919103e+01,3.505996569015405839e+01,2.800938651004253188e+01,6.017998534452999593e+01,1.152778977536363527e+02,9.561484336853027344e+00,-8.414105772972106934e-01,-3.824593871831893921e-02,6.240000000000000000e+02
-3.049102972625405528e+00,-3.802803465563920327e+01,8.933021446166094393e+01,6.648204897441610228e+01,3.583479819774220232e+01,2.864882962271076394e+01,6.050719420893801725e+01,1.161242530663585057e+02,9.561484336853027344e+00,-8.414105772972106934e-01,-3.824593871831893921e-02,6.250000000000000000e+02
-1.463998045383050339e+00,-3.980435420157664339e+01,8.833224895615057903e+01,6.667201125295105157e+01,3.479744672347442247e+01,2.791440818155388115e+01,5.734979810491495300e+01,1.145896574837024673e+02,9.561484336853027344e+00,-8.414105772972106934e-01,-3.824593871831893921e-02,6.260000000000000000e+02
-9.086361876070441213e-01,-4.228079578174219932e+01,8.516541907955252100e+01,6.520115005406842101e+01,3.235418912232125876e+01,2.610021761769166915e+01,5.240847701375241741e+01,1.116851308586701634e+02,9.561484336853027344e+00,-8.414105772972106934e-01,-3.824593871831893921e-02,6.270000000000000000e+02
-9.670529148133937269e-01,-4.486842035279187257e+01,8.137740852716524387e+01,6.254806799588550348e+01,2.938561101867526304e+01,2.403314742035581730e+01,4.823188428634239244e+01,1.087972683204279747e+02,9.561484336853027344e+00,-8.414105772972106934e-01,-3.824593871831893921e-02,6.280000000000000000e+02
-1.007122114282537950e+00,-4.707519115381364827e+01,7.840668282670230838e+01,5.986079018547752639e+01,2.688092377312568715e+01,2.264020955670275725e+01,4.647294729502391419e+01,1.070320266309136059e+02,9.561484336853027344e+00,-8.414105772972106934e-01,-3.824593871831893921e-02,6.290000000000000000e+02
-7.480046934870188124e-01,-4.867513847754889866e+01,7.666365579128978425e+01,5.839533967582246987e+01,2.550922543306660373e+01,2.251328946974535938e+01,4.700658586091594771e+01,1.068420605467108544e+02,9.561484336853027344e+00,-8.414105772972106934e-01,-3.824593871831893921e-02,6.300000000000000000e+02
-4.314683478260121774e-01,-4.963168164516173420e+01,7.553191054046692443e+01,5.876587592959549511e+01,2.534714644096675329e+01,2.369020827468193602e+01,4.845174656008020975e+01,1.080052471733069979e+02,9.561484336853027344e+00,-8.414105772972106934e-01,-3.824593871831893921e-02,6.310000000000000000e+02
-4.491078867067699321e-01,-5.001763461277369061e+01,7.415707876741726068e+01,6.055240170571778435e+01,2.592692040222027572e+01,2.570720603700465290e+01,4.940257690788712353e+01,1.098140027269619168e+02,9.561484336853027344e+00,-8.414105772972106934e-01,-3.824593871831893921e-02,6.320000000000000000e+02
-7.947331377145019360e-01,-5.005638453557185130e+01,7.222160345425436390e+01,6.258833098438481102e+01,2.657216991634049919e+01,2.784319054409570526e+01,4.925211946040144539e+01,1.113274433603510261e+02,9.561484336853027344e+00,-8.414105772972106934e-01,-3.824593871831893921e-02,6.330000000000000000e+02
-9.118302266251703259e-01,-5.010838802876969567e+01,7.003274391273225774e+01,6.373175461935898056e+01,2.678758268999808934e+01,2.941038886737806024e+01,4.814045959159557242e+01,1.116349540255177999e+02,9.561484336853027344e+00,-8.414105772972106934e-01,-3.824593871831893921e-02,6.340000000000000000e+02
-1.443392129476706032e-01,-5.041751157685575890e+01,6.798250457851099782e+01,6.355309846405725693e+01,2.644980324621428736e+01,2.997454522231419105e+01,4.646218589589625481e+01,1.101263923134611105e+02,9.561484336853027344e+00,-8.414105772972106934e-01,-3.824593871831893921e-02,6.350000000000000000e+02
1.585593002815585351e+00,-5.076271576404906227e+01,6.602662430847703945e+01,6.245690196715440834e+01,2.573511583464278374e+01,2.946236928207508754e+01,4.459344263967795996e+01,1.067134404057069332e+02,9.561484336853027344e+00,-8.414105772972106934e-01,-3.824593871831893921e-02,6.360000000000000000e+02
3.501622846957616275e+00,-5.041775207253522240e+01,6.371461798137170263e+01,6.121962420772615587e+01,2.492536956327967346e+01,2.816036506301315967e+01,4.297720172053959686e+01,1.018850398655195022e+02,9.561484336853027344e+00,-8.414105772972106934e-01,-3.824593871831893921e-02,6.370000000000000000e+02
4.431637921858055051e+00,-4.858809034604200860e+01,6.069918137529748492e+01,6.038509202726709191e+01,2.426937078076298349e+01,2.661708202221052488e+01,4.218738193705212325e+01,9.652931567042833194e+01,9.561484336853027344e+00,-8.414105772972106934e-01,-3.824593871831893921e-02,6.380000000000000000e+02
3.664644961470912676e+00,-4.500410342571922229e+01,5.716799343748789397e+01,5.998140368495660368e+01,2.391356933854694944e+01,2.543788253085222095e+01,4.264208321701153181e+01,9.156043220630090218e+01,9.561484336853027344e+00,-8.414105772972106934e-01,-3.824593871831893921e-02,6.390000000000000000e+02
1.500488229583424982e+00,-4.013294120234786533e+01,5.377031763678678544e+01,5.970796244865050539e+01,2.385697455464833183e+01,2.503777166805230081e+01,4.418773343274369836e+01,8.753457046774565242e+01,9.561484336853027344e+00,-8.414105772972106934e-01,-3.824593871831893921e-02,6.400000000000000000e+02
-9.601537384369294159e-01,-3.483299051402718760e+01,5.112131448509171605e+01,5.934735275858838577e+01,2.393996547977440059e+01,2.548612025040347362e+01,4.606780103351775324e+01,8.446867879472847562e+01,9.561484336853027344e+00,-8.414105772972106934e-01,-3.824593871831893921e-02,6.410000000000000000e+02
-2.593892409495310858e+00,-2.980613163784437347e+01,4.934795120525086531e+01,5.901674917864147574e+01,2.392762942769331858e+01,2.654708126461628126e+01,4.744651064982463140e+01,8.195238516597601119e+01,9.561484336853027344e+00,-8.414105772972106934e-01,-3.824593871831893921e-02,6.420000000000000000e+02
-2.945518287335289642e+00,-2.533433754748693900e+01,4.805861823842860758e+01,5.906097839229914825e+01,2.367003339128132211e+01,2.786689040032797493e+01,4.805169067253882531e+01,7.945200962528178934e+01,9.561484336853027344e+00,-8.414105772972106934e-01,-3.824593871831893921e-02,6.430000000000000000e+02
-2.314660698844818398e+00,-2.140926645632134750e+01,4.671227161676506512e+01,5.971642851681826869e+01,2.321507903659949079e+01,2.914169613352714805e+01,4.831648382035928080e+01,7.659410657197440742e+01,9.561484336853027344e+00,-8.414105772972106934e-01,-3.824593871831893921e-02,6.440000000000000000e+02
-1.280713478503457736e+00,-1.795307320962456288e+01,4.505215000623138621e+01,6.085858367106993683e+01,2.274549966410995694e+01,3.014793545349675696e+01,4.887157091389235575e+01,7.326147261168807745e+01,9.408499717712402344e+00,-9.179025292396545410e-01,-1.529837548732757568e-01,6.450000000000000000e+02
-1.748725083234603517e-01,-1.484826493033324368e+01,4.328290172592096496e+01,6.204798514710273594e+01,2.239250746210746001e+01,3.069398232115054270e+01,4.990927520272089168e+01,6.952256560100067873e+01,9.408499717712402344e+00,-9.179025292396545410e-01,-1.529837548732757568e-01,6.460000000000000000e+02
1.036721285163366701e+00,-1.186451375631440897e+01,4.190966574219783070e+01,6.284003904611017788e+01,2.214229442328360165e+01,3.067018501216080040e+01,5.107830562687013298e+01,6.555393587331491290e+01,9.408499717712402344e+00,-9.179025292396545410e-01,-1.529837548732757568e-01,6.470000000000000000e+02
2.452028848550980911e+00,-8.781050443656567950e+00,4.136842670896294294e+01,6.310021882906585233e+01,2.193857693018071586e+01,3.022347388945490820e+01,5.197292494444991462e+01,6.164344463832094334e+01,9.408499717712402344e+00,-9.179025292396545410e-01,-1.529837548732757568e-01,6.480000000000000000e+02
3.904033613136562053e+00,-5.721827549437875859e+00,4.167977927767060464e+01,6.307437990008475026e+01,2.183624357482040068e+01,2.984907377947092755e+01,5.264981977964635007e+01,5.819642394035327015e+01,9.408499717712402344e+00,-9.179025292396545410e-01,-1.529837548732757568e-01,6.490000000000000000e+02
4.966364082945801783e+00,-3.312015842137043364e+00,4.234037354505562689e+01,6.318091064520558575e+01,2.197990505689813290e+01,3.018052635527419625e+01,5.357932475474808598e+01,5.560549269051261945e+01,9.408499717712402344e+00,-9.179025292396545410e-01,-1.529837548732757568e-01,6.500000000000000000e+02
5.273946768844325561e+00,-2.328248228550364729e+00,4.255690104378300020e+01,6.371817665144772036e+01,2.238496310496702790e+01,3.153840637484245235e+01,5.506112507003854262e+01,5.397563011988677317e+01,9.408499717712402344e+00,-9.179025292396545410e-01,-1.529837548732757568e-01,6.510000000000000000e+02
4.824211095656210091e+00,-3.043627377017401159e+00,4.174441820459469454e+01,6.473181587932049297e+01,2.279939835410186788e+01,3.361502978067437652e+01,5.674997838746639900e+01,5.292940418043872342e+01,9.408499717712402344e+00,-9.179025292396545410e-01,-1.529837548732757568e-01,6.520000000000000000e+02
3.984218403762497474e+00,-4.887233713605382945e+00,3.999537642470386345e+01,6.610320133843924850e+01,2.289719720202265307e+01,3.563736674328538356e+01,5.787148177195922472e+01,5.174692182761646109e+01,9.408499717712402344e+00,-9.179025292396545410e-01,-1.529837548732757568e-01,6.530000000000000000e+02
3.230780640224111266e+00,-6.836394132893474307e+00,3.813746519391133916e+01,6.769300584099255502e+01,2.267059277032240061e+01,3.691511310878559016e+01,5.798342432764184196e+01,4.982112296164996224e+01,9.408499717712402344e+00,-9.179025292396545410e-01,-1.529837548732757568e-01,6.540000000000000000e+02
2.875415795439039357e+00,-8.234084063238697127e+00,3.723026977480185451e+01,6.935762117089325329e+01,2.257676884040847654e+01,3.730197987251449376e+01,5.750747625812073238e+01,4.708777266318065813e+01,9.408499717712402344e+00,-9.179025292396545410e-01,-1.529837548732757568e-01,6.550000000000000000e+02
2.978710805713490117e+00,-9.255295060182106681e+00,3.781059443655976793e+01,7.085151047383260448e+01,2.317684196817572229e+01,3.717794769175816327e+01,5.743172039030469023e+01,4.404558096059918171e+01,9.408499717712402344e+00,-9.179025292396545410e-01,-1.529837548732757568e-01,6.560000000000000000e+02
3.435039219424652401e+00,-1.058042623952496797e+01,3.947166149839176796e+01,7.179695733888365794e+01,2.454353081468434539e+01,3.702637959989078809e+01,5.839564667591912439e+01,4.131954641805350548e+01,9.408499717712402344e+00,-9.179025292396545410e-01,-1.529837548732757568e-01,6.570000000000000000e+02
4.087497985718073323e+00,-1.261132136586093111e+01,4.117141757973877247e+01,7.186780282999825431e+01,2.604748300808569184e+01,3.706222737251664512e+01,6.005219612539804075e+01,3.916210814002988627e+01,9.408499717712402344e+00,-9.179025292396545410e-01,-1.529837548732757568e-01,6.580000000000000000e+02
4.785092828802589793e+00,-1.499805896096222568e+01,4.206332222459604964e+01,7.108582788470812375e+01,2.681838715310732368e+01,3.724598485078604426e+01,6.137798742325685453e+01,3.735514815009082668e+01,9.408499717712402344e+00,-9.179025292396545410e-01,-1.529837548732757568e-01,6.590000000000000000e+02
5.414974066283321008e+00,-1.690658254759182455e+01,4.214640810378477909e+01,6.995462775602936745e+01,2.651416277211683337e+01,3.757348215527599677e+01,6.166593182861106470e+01,3.558761087925813626e+01,9.408499717712402344e+00,-9.179025292396545410e-01,-1.529837548732757568e-01,6.600000000000000000e+02
5.934724481725424994e+00,-1.769674478335946333e+01,4.214459212484507589e+01,6.924833006428525550e+01,2.567073650448583066e+01,3.824156519019743428e+01,6.123761274616845185e+01,3.390585040849691723e+01,9.408499717712402344e+00,-9.179025292396545410e-01,-1.529837548732757568e-01,6.610000000000000000e+02
6.356444078148342669e+00,-1.731287384503229987e+01,4.269567677117447602e+01,6.956499536424962571e+01,2.524675287822174141e+01,3.946935132436919957e+01,6.114780755027459236e+01,3.273610813685809262e+01,9.408499717712402344e+00,-9.179025292396545410e-01,-1.529837548732757568e-01,6.620000000000000000e+02
6.654278986279678065e+00,-1.608171923810732551e+01,4.358728855886874953e+01,7.095226739104691660e+01,2.572320533988386160e+01,4.116191667522070929e+01,6.211586342472583055e+01,3.239058135132654570e+01,9.408499717712402344e+00,-9.179025292396545410e-01,-1.529837548732757568e-01,6.630000000000000000e+02
6.681787332956446335e+00,-1.426190789307293016e+01,4.378812181124521885e+01,7.284499831678840565e+01,2.656270895880152239e+01,4.279017138136259746e+01,6.369313120799779426e+01,3.251209134458622430e+01,9.408499717712402344e+00,-9.179025292396545410e-01,-1.529837548732757568e-01,6.640000000000000000e+02
6.248652891939855181e+00,-1.189361864278180292e+01,4.230508502072189003e+01,7.432724508301180322e+01,2.655656499871838605e+01,4.365160659240791574e+01,6.448936586788477143e+01,3.204892846148868557e+01,9.408499717712402344e+00,-9.179025292396545410e-01,-1.529837548732757568e-01,6.650000000000000000e+02
5.361605013778898865e+00,-9.080429069421370514e+00,3.911773983872990357e+01,7.454862496338319033e+01,2.479674002514366293e+01,4.330543751803634223e+01,6.329611105571530061e+01,2.991187506445567124e+01,9.408499717712402344e+00,-9.179025292396545410e-01,-1.529837548732757568e-01,6.660000000000000000e+02
4.388804536996758543e+00,-6.292194938898319378e+00,3.533398891292745247e+01,7.309969791144249029e+01,2.146390130114741623e+01,4.182659241791407112e+01,6.013415177843853598e+01,2.583892684985767119e+01,9.408499717712402344e+00,-9.179025292396545410e-01,-1.529837548732757568e-01,6.670000000000000000e+02
3.876558995449158829e+00,-4.214604803266411182e+00,3.238481369029614143e+01,7.021431442668836098e+01,1.777000029880582588e+01,3.971369284628599416e+01,5.632324800350761507e+01,2.075477910258632619e+01,9.408499717712402344e+00,-9.179025292396545410e-01,-1.529837548732757568e-01,6.680000000000000000e+02
4.074259232809708919e+00,-3.172254332384909503e+00,3.094017083547078073e+01,6.673117455033934675e+01,1.509899286960717291e+01,3.759036310967348982e+01,5.355983761034440249e+01,1.629422114486806095e+01,9.408499717712402344e+00,-9.179025292396545410e-01,-1.529837548732757568e-01,6.690000000000000000e+02
4.591953494047629647e+00,-2.678185349730483722e+00,3.047985814635467250e+01,6.379090316970541608e+01,1.404348716531239916e+01,3.595485533625469543e+01,5.279505267276545055e+01,1.381228980615560431e+01,9.446745872497558594e+00,-8.796565532684326172e-01,-1.912296712398529053e-01,6.700000000000000000e+02
4.610917050937132444e+00,-1.615846974942542147e+00,2.985903434592910344e+01,6.234933626660495065e+01,1.410097834254702320e+01,3.510218090638227295e+01,5.373781895767024253e+01,1.359280077841685852e+01,9.446745872497558594e+00,-8.796565532684326172e-01,-1.912296712398529053e-01,6.710000000000000000e+02
3.576218021888053045e+00,9.855203096012701280e-01,2.833973278180201305e+01,6.273176819139916915e+01,1.422357892414584057e+01,3.514572148073057178e+01,5.519426812940218952e+01,1.477210982473479817e+01,9.446745872497558594e+00,-8.796565532684326172e-01,-1.912296712398529053e-01,6.720000000000000000e+02
1.771851985969988164e+00,5.188419803933356889e+00,2.619952074450702639e+01,6.449138294855947606e+01,1.371608609571558191e+01,3.601011261892563198e+01,5.582599690129427472e+01,1.593101338111591758e+01,9.446745872497558594e+00,-8.796565532684326172e-01,-1.912296712398529053e-01,6.730000000000000000e+02
1.989641170730465092e-01,1.002122278654860565e+01,2.445919004941242747e+01,6.666843881813110784e+01,1.272718062582134735e+01,3.736978045056457631e+01,5.478786860809486825e+01,1.587655524409638019e+01,9.446745872497558594e+00,-8.796565532684326172e-01,-1.912296712398529053e-01,6.740000000000000000e+02
-1.999336481385398656e-01,1.407617740464047529e+01,2.406342714703350794e+01,6.828733831958379596e+01,1.199906936757906806e+01,3.865416148015356157e+01,5.201840785508102272e+01,1.414481989058549516e+01,9.446745872497558594e+00,-8.796565532684326172e-01,-1.912296712398529053e-01,6.750000000000000000e+02
7.052700096683111042e-01,1.634682623568369308e+01,2.523492128023644909e+01,6.877976253900851589e+01,1.217319649911223678e+01,3.922543011188099626e+01,4.821752577332517831e+01,1.104589012941869441e+01,9.446745872497558594e+00,-8.796565532684326172e-01,-1.912296712398529053e-01,6.760000000000000000e+02
2.178512366175709758e+00,1.669988963507057633e+01,2.744086002399126301e+01,6.810305078538658563e+01,1.327144168602535501e+01,3.868377615638019051e+01,4.456520332158834208e+01,7.365991403348743916e+00,9.446745872497558594e+00,-8.796565532684326172e-01,-1.912296712398529053e-01,6.770000000000000000e+02
3.277332327124895528e+00,1.577104396872164216e+01,2.982057501700182911e+01,6.657361772196600214e+01,1.473569311865139753e+01,3.711211095291946549e+01,4.222222103214153321e+01,3.955664983230235521e+00,9.446745872497558594e+00,-8.796565532684326172e-01,-1.912296712398529053e-01,6.780000000000000000e+02
3.579242794599849731e+00,1.452341587461705785e+01,3.162646085156302433e+01,6.461318891147675458e+01,1.589189129277656320e+01,3.506617272870789748e+01,4.176679366814641980e+01,1.395360861897643190e+00,9.446745872497558594e+00,-8.796565532684326172e-01,-1.912296712398529053e-01,6.790000000000000000e+02
3.313571128899639007e+00,1.383779955131467432e+01,3.239883602102054283e+01,6.258641731837997213e+01,1.640124809580447618e+01,3.330009912009700201e+01,4.289437992291641422e+01,-1.325608226616168395e-01,9.446745872497558594e+00,-8.796565532684326172e-01,-1.912296712398529053e-01,6.800000000000000000e+02
2.876822802922106348e+00,1.429759715130057884e+01,3.195795510746393120e+01,6.076313269700040109e+01,1.637005261300510028e+01,3.240877997476491146e+01,4.464020160696236417e+01,-7.353639264401863329e-01,9.446745872497558594e+00,-8.796565532684326172e-01,-1.912296712398529053e-01,6.810000000000000000e+02
2.313003520357597154e+00,1.608776060565287480e+01,3.041840389601566130e+01,5.932634346169652417e+01,1.613178220248664729e+01,3.260473345905484166e+01,4.599888188538170652e+01,-5.706981326075037941e-01,9.446745872497558594e+00,-8.796565532684326172e-01,-1.912296712398529053e-01,6.820000000000000000e+02
1.313509754618280567e+00,1.892956467338808579e+01,2.824297554428630974e+01,5.835882261402730364e+01,1.593491400491620880e+01,3.370991539623355493e+01,4.646364904446090804e+01,3.049215715727768838e-01,9.446745872497558594e+00,-8.796565532684326172e-01,-1.912296712398529053e-01,6.830000000000000000e+02
-2.989625966656603850e-01,2.213212629586632829e+01,2.616775861528003588e+01,5.782800407717877533e+01,1.575504395248572109e+01,3.528890993386448827e+01,4.609206870543130208e+01,1.833525663576438092e+00,9.446745872497558594e+00,-8.796565532684326172e-01,-1.912296712398529053e-01,6.840000000000000000e+02
-2.142219181798282079e+00,2.489814809817471541e+01,2.491353970495401882e+01,5.761743751638277899e+01,1.533704580875928514e+01,3.682997881184564903e+01,4.519328266027150676e+01,3.710973203546018340e+00,9.446745872497558594e+00,-8.796565532684326172e-01,-1.912296712398529053e-01,6.850000000000000000e+02
-3.383958732061728369e+00,2.681016143086890224e+01,2.484454503400047543e+01,5.759824530068726745e+01,1.444484047507285140e+01,3.792493568247300573e+01,4.407567558592563728e+01,5.323996942068333738e+00,9.446745872497558594e+00,-8.796565532684326172e-01,-1.912296712398529053e-01,6.860000000000000000e+02
-3.334042941773077473e+00,2.813640410922380397e+01,2.584483157063368708e+01,5.766672936083341483e+01,1.317224672397424001e+01,3.842187967983772978e+01,4.310340013619133970e+01,6.064566464207018726e+00,9.446745872497558594e+00,-8.796565532684326172e-01,-1.912296712398529053e-01,6.870000000000000000e+02
-2.008461015167995356e+00,2.961309119917132193e+01,2.748595034876052523e+01,5.770158658431319054e+01,1.206721844940329902e+01,3.847343107390042860e+01,4.281927728302980540e+01,5.815310643432894722e+00,9.446745872497558594e+00,-8.796565532684326172e-01,-1.912296712398529053e-01,6.880000000000000000e+02
-1.836334570689359680e-01,3.179021120575634995e+01,2.930855398240237264e+01,5.751006191485794261e+01,1.187855465426400770e+01,3.841053363728860859e+01,4.374869413134729257e+01,5.150984499341575429e+00,9.446745872497558594e+00,-8.796565532684326172e-01,-1.912296712398529053e-01,6.890000000000000000e+02
1.095800783652521204e+00,3.447379489458398893e+01,3.096758878204127541e+01,5.688651613242109306e+01,1.301500879284867551e+01,3.849510754142829683e+01,4.589187654133274918e+01,4.993829643615754321e+00,9.446745872497558594e+00,-8.796565532684326172e-01,-1.912296712398529053e-01,6.900000000000000000e+02
1.178472180472454056e+00,3.679166005972365383e+01,3.219917444780003279e+01,5.580108233452483546e+01,1.512087263459397946e+01,3.873871544844587334e+01,4.842511623939208221e+01,5.952104817974031903e+00,9.446745872497558594e+00,-8.796565532684326172e-01,-1.912296712398529053e-01,6.910000000000000000e+02
1.966062514111399651e-01,3.790898243604897289e+01,3.280079725774703547e+01,5.456967060417809989e+01,1.720375452373991720e+01,3.897504764272889588e+01,5.012606851706368616e+01,7.915508721969672479e+00,9.446745872497558594e+00,-8.796565532684326172e-01,-1.912296712398529053e-01,6.920000000000000000e+02
-1.013505239570804406e+00,3.780469742480636341e+01,3.276545935007015942e+01,5.379162460057705175e+01,1.831743973291304428e+01,3.912376116038649343e+01,5.032650042921886779e+01,1.024902337387902662e+01,9.446745872497558594e+00,-8.796565532684326172e-01,-1.912296712398529053e-01,6.930000000000000000e+02
-1.371982098666194361e+00,3.741460470080346568e+01,3.246135189224878559e+01,5.400547436566557735e+01,1.825919990989496000e+01,3.935305012344906572e+01,4.955114712765498552e+01,1.234654888095974457e+01,9.446745872497558594e+00,-8.796565532684326172e-01,-1.912296712398529053e-01,6.940000000000000000e+02
-1.284899864549515769e-01,3.797193857008824125e+01,3.258830096948076971e+01,5.529750401592173148e+01,1.765721076689078473e+01,3.993572595521982294e+01,4.915723346376762493e+01,1.399380815015319968e+01,9.446745872497558594e+00,-8.796565532684326172e-01,-1.912296712398529053e-01,6.950000000000000000e+02
2.738568306660454255e+00,4.006360948368092068e+01,3.379959754398441873e+01,5.719708949321648106e+01,1.734498970652930439e+01,4.091779664513887838e+01,5.019039174703357276e+01,1.523790721101977397e+01,9.446745872497558594e+00,-8.796565532684326172e-01,-1.912296712398529053e-01,6.960000000000000000e+02
6.484947490433114581e+00,4.315472042989858892e+01,3.622427480325859506e+01,5.898447689553722739e+01,1.761358294170349836e+01,4.196785615161934402e+01,5.248220704362029210e+01,1.601043586220475845e+01,9.484992027282714844e+00,-9.179025292396545410e-01,-7.649187743663787842e-02,6.970000000000000000e+02
9.945397309085819870e+00,4.592805615466204472e+01,3.928750090564426500e+01,6.016232351469807327e+01,1.805206791701493785e+01,4.262359849845233839e+01,5.482747202244354412e+01,1.600063332825084217e+01,9.484992027282714844e+00,-9.179025292396545410e-01,-7.649187743663787842e-02,6.980000000000000000e+02
1.208725032264192123e+01,4.713141940982313827e+01,4.202299506631970871e+01,6.068954068573657423e+01,1.809630610472231638e+01,4.273131564394861925e+01,5.605245914134138729e+01,1.498013519302185159e+01,9.484992027282714844e+00,-9.179025292396545410e-01,-7.649187743663787842e-02,6.990000000000000000e+02
1.247357438485778403e+01,4.627876978146741749e+01,4.366626699588232441e+01,6.081315738450939534e+01,1.770937466803661664e+01,4.263329690042883158e+01,5.595427753078183741e+01,1.325619719838141464e+01,9.484992027282714844e+00,-9.179025292396545410e-01,-7.649187743663787842e-02,7.000000000000000000e+02
1.140007968181816977e+01,4.377583920797042083e+01,4.406883098453181447e+01,6.071403621302306419e+01,1.749122709294169908e+01,4.288476691248069983e+01,5.527612155856331810e+01,1.173097844377116417e+01,9.484992027282714844e+00,-9.179025292396545410e-01,-7.649187743663787842e-02,7.010000000000000000e+02
9.666262919345172122e+00,4.053795635246206075e+01,4.364543382048577769e+01,6.033660281736229081e+01,1.809174847921531182e+01,4.374354517464234959e+01,5.485757575394382002e+01,1.138528007337299641e+01,9.484992027282714844e+00,-9.179025292396545410e-01,-7.649187743663787842e-02,7.020000000000000000e+02
8.130434554535895586e+00,3.745273212877509650e+01,4.294455339577689301e+01,5.953826614198624156e+01,1.949345755006652325e+01,4.489728062249196228e+01,5.486417633740347810e+01,1.254869921336648986e+01,9.484992027282714844e+00,-9.179025292396545410e-01,-7.649187743663787842e-02,7.030000000000000000e+02
7.299904161685844883e+00,3.499931522290717112e+01,4.222756720203324221e+01,5.835114059466286562e+01,2.086711630181525834e+01,4.566514203684346285e+01,5.483970360162493307e+01,1.456873011926654726e+01,9.484992027282714844e+00,-9.179025292396545410e-01,-7.649187743663787842e-02,7.040000000000000000e+02
7.160733904616790824e+00,3.312798237085371511e+01,4.139382915867463453e+01,5.707089688819542062e+01,2.116486598645860795e+01,4.550360812323924620e+01,5.443358900271414313e+01,1.621235702068952378e+01,9.484992027282714844e+00,-9.179025292396545410e-01,-7.649187743663787842e-02,7.050000000000000000e+02
7.286603054693841841e+00,3.137390553236764390e+01,4.025645725536742248e+01,5.610107626099488698e+01,1.994446803993196227e+01,4.440720127009262796e+01,5.396838172510615550e+01,1.652993569699901855e+01,9.484992027282714844e+00,-9.179025292396545410e-01,-7.649187743663787842e-02,7.060000000000000000e+02
7.131080635139369406e+00,2.913592613989021629e+01,3.887056481168110622e+01,5.572949745904770680e+01,1.772045471879391698e+01,4.292511036190262530e+01,5.422186839632195188e+01,1.551377419290656690e+01,9.484992027282714844e+00,-9.179025292396545410e-01,-7.649187743663787842e-02,7.070000000000000000e+02
6.341002654487965629e+00,2.600889275239751441e+01,3.759892280591157032e+01,5.602237620751839131e+01,1.556467119902663399e+01,4.181627831859805156e+01,5.562222329311771318e+01,1.402335550400312059e+01,9.484992027282714844e+00,-9.179025292396545410e-01,-7.649187743663787842e-02,7.080000000000000000e+02
4.931341068564506713e+00,2.198962660998950014e+01,3.684889816492795944e+01,5.684343683067709208e+01,1.430666131425823551e+01,4.158928686860599555e+01,5.764485725145641482e+01,1.302838196462835185e+01,9.484992027282714844e+00,-9.179025292396545410e-01,-7.649187743663787842e-02,7.090000000000000000e+02
3.255740406595577952e+00,1.741939683027158026e+01,3.672756608960480662e+01,5.788738296012161300e+01,1.400173707923386246e+01,4.222766723429958802e+01,5.904730979981104610e+01,1.281841451693617273e+01,9.484992027282714844e+00,-9.179025292396545410e-01,-7.649187743663787842e-02,7.100000000000000000e+02
1.827268868961255066e+00,1.272680808105360484e+01,3.694084901606402127e+01,5.870664890963234939e+01,1.407026630789914634e+01,4.326220452446432319e+01,5.880584333254955709e+01,1.287281590872589732e+01,9.484992027282714844e+00,-9.179025292396545410e-01,-7.649187743663787842e-02,7.110000000000000000e+02
1.103671404169290327e+00,8.207794272158935200e+00,3.703939149869256653e+01,5.883312498484156094e+01,1.392168515474622836e+01,4.413288673463102896e+01,5.697130386392382206e+01,1.250093736872076988e+01,9.484992027282714844e+00,-9.179025292396545410e-01,-7.649187743663787842e-02,7.120000000000000000e+02
1.324553544880473055e+00,4.039075435328413732e+00,3.678981039061909541e+01,5.803172490655560978e+01,1.348015922406921163e+01,4.457933748693903908e+01,5.471495539609168191e+01,1.163288350745278876e+01,9.484992027282714844e+00,-9.179025292396545410e-01,-7.649187743663787842e-02,7.130000000000000000e+02
2.415902508961153217e+00,4.430881626321934164e-01,3.634648183267563581e+01,5.651945767310098745e+01,1.314790365786757320e+01,4.475938179150398355e+01,5.350878526275482727e+01,1.096079210206517018e+01,9.484992027282714844e+00,-9.179025292396545410e-01,-7.649187743663787842e-02,7.140000000000000000e+02
3.971133887491305359e+00,-2.284441688701917883e+00,3.609182485855126288e+01,5.491165373343392275e+01,1.328379451487853657e+01,4.500587316382734571e+01,5.407438033124344656e+01,1.123911769212281797e+01,9.484992027282714844e+00,-9.179025292396545410e-01,-7.649187743663787842e-02,7.150000000000000000e+02
5.351964162808144465e+00,-4.028793759083782788e+00,3.630748690397740575e+01,5.384593227137520444e+01,1.373786282908258727e+01,4.543707216063921805e+01,5.589366906305076554e+01,1.239940874431340490e+01,9.484992027282714844e+00,-9.179025292396545410e-01,-7.649187743663787842e-02,7.160000000000000000e+02
5.953387992944044527e+00,-5.140245669274008833e+00,3.698181034300796455e+01,5.354956759477499872e+01,1.394019903663865989e+01,4.579680473628104664e+01,5.762381487394304713e+01,1.340466959922923706e+01,9.484992027282714844e+00,-9.179025292396545410e-01,-7.649187743663787842e-02,7.170000000000000000e+02
5.557628541399026290e+00,-6.327713523263810202e+00,3.788819091755431145e+01,5.370714378765842412e+01,1.347889771236805245e+01,4.567937009989691433e+01,5.806416260733385570e+01,1.308593834557541413e+01,9.484992027282714844e+00,-9.179025292396545410e-01,-7.649187743663787842e-02,7.180000000000000000e+02
4.554482771076436620e+00,-8.089983921039674897e+00,3.879994331592024537e+01,5.373479595080425497e+01,1.258010000786453020e+01,4.490845436806557700e+01,5.694260010003927164e+01,1.121273269117227755e+01,9.484992027282714844e+00,-9.179025292396545410e-01,-7.649187743663787842e-02,7.190000000000000000e+02
3.791322206554468721e+00,-1.016719377851404715e+01,3.962797462164598983e+01,5.323140654515009373e+01,1.198077754535188433e+01,4.369641243049409240e+01,5.499327197758248076e+01,8.774397994398896117e+00,9.484992027282714844e+00,-9.179025292396545410e-01,-7.649187743663787842e-02,7.200000000000000000e+02
4.040772857784759253e+00,-1.162797926503117196e+01,4.039575830663670786e+01,5.225460531188582536e+01,1.228281553797569359e+01,4.245699700582190417e+01,5.336701450057444163e+01,7.189555734876194037e+00,9.484992027282714844e+00,-9.179025292396545410e-01,-7.649187743663787842e-02,7.210000000000000000e+02
5.420422847397276200e+00,-1.167186205889447592e+01,4.115049656292103464e+01,5.124872119641804602e+01,1.342018792518501868e+01,4.150910242342797574e+01,5.289255637319001835e+01,7.199466489313635975e+00,9.484992027282714844e+00,-9.179025292396545410e-01,-7.649187743663787842e-02,7.220000000000000000e+02
7.215358418623509351e+00,-1.045512021251488477e+01,4.192703113277093507e+01,5.072956561413593590e+01,1.477881901634827955e+01,4.098402440344216302e+01,5.372754920985607896e+01,8.480641679067048244e+00,9.484992027282714844e+00,-9.179025292396545410e-01,-7.649187743663787842e-02,7.230000000000000000e+02
8.292683001127443276e+00,-9.087149288054206409e+00,4.274401614821545081e+01,5.096737249215948395e+01,1.584701343369670212e+01,4.095883024465001654e+01,5.553051201625203248e+01,1.024518699960754020e+01,9.484992027282714844e+00,-9.179025292396545410e-01,-7.649187743663787842e-02,7.240000000000000000e+02
7.834350290810107253e+00,-8.666266683452704456e+00,4.353318898273573723e+01,5.186642593948636204e+01,1.673290257056214614e+01,4.155809892262914218e+01,5.783865557715034811e+01,1.210676454554777592e+01,9.484992027282714844e+00,-9.179025292396545410e-01,-7.649187743663787842e-02,7.250000000000000000e+02
5.861850472618243657e+00,-9.190080539323389530e+00,4.403080414360738359e+01,5.307999581751937512e+01,1.800325323136348743e+01,4.282398600404849276e+01,6.025337821216817247e+01,1.429735334553697612e+01,9.484992027282714844e+00,-9.179025292396545410e-01,-7.649187743663787842e-02,7.260000000000000000e+02
3.189208593699731864e+00,-9.406118053018872160e+00,4.381436634436977329e+01,5.425840557357878424e+01,1.999186097281199181e+01,4.449590442323824391e+01,6.236609822186437668e+01,1.708972762321354821e+01,9.484992027282714844e+00,-9.179025292396545410e-01,-7.649187743663787842e-02,7.270000000000000000e+02
8.941916678450070322e-01,-7.845971999857283663e+00,4.260965634451713413e+01,5.526141244237078354e+01,2.227808538763929391e+01,4.601842677687818650e+01,6.369392963216523640e+01,2.014982240958488546e+01,9.523238182067871094e+00,-9.561483860015869141e-01,-1.147378161549568176e-01,7.280000000000000000e+02
-2.670294948329683393e-01,-4.185388377751223743e+00,4.068253764430119190e+01,5.617427091019635554e+01,2.387205389210430440e+01,4.686191022845741827e+01,6.386812403475050814e+01,2.257620221479737666e+01,9.523238182067871094e+00,-9.561483860015869141e-01,-1.147378161549568176e-01,7.290000000000000000e+02
-1.253289046435384080e-01,2.707155859607155435e-01,3.889807081171602476e+01,5.710125080851139501e+01,2.395375082222744823e+01,4.687226342866779305e+01,6.297308301323209889e+01,2.360203374847333180e+01,9.523238182067871094e+00,-9.561483860015869141e-01,-1.147378161549568176e-01,7.300000000000000000e+02
1.007286814223334659e+00,3.433390319056343287e+00,3.822652224318881053e+01,5.791580391905154102e+01,2.248634231534379069e+01,4.630737204472825397e+01,6.165364953143580351e+01,2.323140511574456468e+01,9.523238182067871094e+00,-9.561483860015869141e-01,-1.147378161549568176e-01,7.310000000000000000e+02
2.592142839530424681e+00,3.920665441029996146e+00,3.899623183997027809e+01,5.823503889836138114e+01,2.017330726826912723e+01,4.554483412588888314e+01,6.074011629160668235e+01,2.219275599176762626e+01,9.523238182067871094e+00,-9.561483860015869141e-01,-1.147378161549568176e-01,7.320000000000000000e+02
4.061693562485743314e+00,2.003870406602800358e+00,4.055166192015167326e+01,5.771967749459872721e+01,1.787426055269315839e+01,4.479412430015509017e+01,6.062637367123534204e+01,2.132400832782150246e+01,9.523238182067871094e+00,-9.561483860015869141e-01,-1.147378161549568176e-01,7.330000000000000000e+02
4.924685445570503362e+00,-6.670459019587724470e-01,4.171194023115094751e+01,5.647063492838788079e+01,1.605338672369543929e+01,4.408996467586257495e+01,6.094052470460883342e+01,2.103437271134316688e+01,9.523238182067871094e+00,-9.561483860015869141e-01,-1.147378161549568176e-01,7.340000000000000000e+02
4.881121476406406146e+00,-2.218751446649548598e+00,4.173548772479261970e+01,5.513853607422788627e+01,1.474247641144029330e+01,4.351487059736973606e+01,6.087556542995298514e+01,2.131296262449177448e+01,9.523238182067871094e+00,-9.561483860015869141e-01,-1.147378161549568176e-01,7.350000000000000000e+02
3.981351732931216247e+00,-1.657008975875214674e+00,4.099059381648112321e+01,5.455930638487916440e+01,1.394756187044549733e+01,4.333875139873998705e+01,5.996073030277329963e+01,2.211140331263595726e+01,9.523238182067871094e+00,-9.561483860015869141e-01,-1.147378161549568176e-01,7.360000000000000000e+02
2.696842737175757065e+00,7.863387361940112896e-01,4.070973564841551706e+01,5.516299851457733894e+01,1.397804009464016417e+01,4.387631080301071052e+01,5.860428283597866539e+01,2.356102778619970195e+01,9.523238182067871094e+00,-9.561483860015869141e-01,-1.147378161549568176e-01,7.370000000000000000e+02
1.731736330701096449e+00,4.085763333125214558e+00,4.197028838166443165e+01,5.664027889273711480e+01,1.527249128521361854e+01,4.518557475811394397e+01,5.787828102955973009e+01,2.576042249357124092e+01,9.523238182067871094e+00,-9.561483860015869141e-01,-1.147378161549568176e-01,7.380000000000000000e+02
1.610493213527661283e+00,7.148998602940991987e+00,4.474275407507957425e+01,5.815590938161767554e+01,1.782490688183315797e+01,4.690121575091325212e+01,5.866118993431882700e+01,2.840692822956043528e+01,9.523238182067871094e+00,-9.561483860015869141e-01,-1.147378161549568176e-01,7.390000000000000000e+02
2.325399367138743401e+00,9.315621808178548235e+00,4.781469651576480828e+01,5.894522734403290087e+01,2.079285429890296655e+01,4.836928000682382844e+01,6.083602017530211015e+01,3.074958922385121696e+01,9.523238182067871094e+00,-9.561483860015869141e-01,-1.147378161549568176e-01,7.400000000000000000e+02
3.344410415978927631e+00,1.042921555202337913e+01,4.966777753221685998e+01,5.880062735306273680e+01,2.279432788641133811e+01,4.898367687665449921e+01,6.323212776178843342e+01,3.201462672174966428e+01,9.523238182067871094e+00,-9.561483860015869141e-01,-1.147378161549568176e-01,7.410000000000000000e+02
4.020018232149595860e+00,1.063660373676248128e+01,4.960515536314778728e+01,5.808513086823222693e+01,2.282355900880793342e+01,4.851116016184096225e+01,6.442216045384702738e+01,3.199017937340249773e+01,9.523238182067871094e+00,-9.561483860015869141e-01,-1.147378161549568176e-01,7.420000000000000000e+02
4.086563629716692958e+00,1.018111080434755422e+01,4.823707311502221273e+01,5.732492280671431217e+01,2.108997687501687324e+01,4.722879783292592037e+01,6.376011489516531583e+01,3.128116787767794449e+01,9.523238182067871094e+00,-9.561483860015869141e-01,-1.147378161549568176e-01,7.430000000000000000e+02
3.840624579403083771e+00,9.360305359528865665e+00,4.699292368973692646e+01,5.678923923130059848e+01,1.904049437100911746e+01,4.581769705678743776e+01,6.185727622927515768e+01,3.101673612812737701e+01,9.523238182067871094e+00,-9.561483860015869141e-01,-1.147378161549568176e-01,7.440000000000000000e+02
3.853708013695722912e+00,8.615557171884574927e+00,4.709586936383129796e+01,5.642789334229019005e+01,1.845084098506777082e+01,4.505327552571543492e+01,6.014469739835476503e+01,3.221522324265970383e+01,9.523238182067871094e+00,-9.561483860015869141e-01,-1.147378161549568176e-01,7.450000000000000000e+02
4.471068989885679912e+00,8.550188299996079877e+00,4.880136156681692228e+01,5.616442016932705883e+01,2.024653749338904163e+01,4.541506143563310616e+01,5.987697548811411252e+01,3.521972883480339078e+01,9.523238182067871094e+00,-9.561483860015869141e-01,-1.147378161549568176e-01,7.460000000000000000e+02
5.542500857634877320e+00,9.682899834369891323e+00,5.142048520998650929e+01,5.619133437962591415e+01,2.394638916566327680e+01,4.681781991379102692e+01,6.133126186278241221e+01,3.952351395276491530e+01,9.523238182067871094e+00,-9.561483860015869141e-01,-1.147378161549568176e-01,7.470000000000000000e+02
6.614274343141005374e+00,1.201452333707129583e+01,5.399394729553750949e+01,5.690925505321501987e+01,2.809899943587515736e+01,4.865107666353287641e+01,6.375055665442778263e+01,4.403401086284429766e+01,9.523238182067871094e+00,-9.561483860015869141e-01,-1.147378161549568176e-01,7.480000000000000000e+02
7.382191075310402084e+00,1.479226605593430577e+01,5.600923648758180207e+01,5.851922288727655541e+01,3.128642785971169360e+01,5.013695550301781623e+01,6.598112323370150989e+01,4.760062172594189178e+01,9.446745872497558594e+00,-8.414105772972106934e-01,-2.294756323099136353e-01,7.490000000000000000e+02
7.955980098697182257e+00,1.681969219797611004e+01,5.760745148008572869e+01,6.065517372538306518e+01,3.289588138513499871e+01,5.077845610941585619e+01,6.725345295586157590e+01,4.953703019932436291e+01,9.446745872497558594e+00,-8.414105772972106934e-01,-2.294756323099136353e-01,7.500000000000000000e+02
8.683321827535110060e+00,1.727084133624884998e+01,5.920274134222563589e+01,6.246874522765574511e+01,3.318500765895441873e+01,5.058151624391757650e+01,6.755010369165393058e+01,4.989553717886155937e+01,9.446745872497558594e+00,-8.414105772972106934e-01,-2.294756323099136353e-01,7.510000000000000000e+02
9.717189293733099476e+00,1.642657290674105752e+01,6.093052874515706208e+01,6.319818422295793425e+01,3.280613590961002046e+01,4.991352780413581058e+01,6.739524201474705478e+01,4.937650954845594242e+01,9.446745872497558594e+00,-8.414105772972106934e-01,-2.294756323099136353e-01,7.520000000000000000e+02
1.077835045434039785e+01,1.565488064143573865e+01,6.244803193899861071e+01,6.278296609361859737e+01,3.230393335124972509e+01,4.916370058398024412e+01,6.736332811578176916e+01,4.894091492603911320e+01,9.446745872497558594e+00,-8.414105772972106934e-01,-2.294756323099136353e-01,7.530000000000000000e+02
1.137614834623673232e+01,1.650794084904191550e+01,6.325528941865195520e+01,6.196884653533925302e+01,3.193240968837926630e+01,4.850838770117115928e+01,6.771742989547783509e+01,4.934454836184886517e+01,9.446745872497558594e+00,-8.414105772972106934e-01,-2.294756323099136353e-01,7.540000000000000000e+02
1.130397514808282722e+01,1.958816470456804382e+01,6.322050325752934441e+01,6.176068956386006903e+01,3.175296120943676215e+01,4.794255485766188940e+01,6.837717334406625014e+01,5.084507732465863228e+01,9.446745872497558594e+00,-8.414105772972106934e-01,-2.294756323099136353e-01,7.550000000000000000e+02
1.091866799155104673e+01,2.411258993408409879e+01,6.279259413635372766e+01,6.265706245681940345e+01,3.176869582882500254e+01,4.747148924747307319e+01,6.910008382033265661e+01,5.318571841587981908e+01,9.446745872497558594e+00,-8.414105772972106934e-01,-2.294756323099136353e-01,7.560000000000000000e+02
1.088726813923130976e+01,2.854626189108239487e+01,6.266576365327273379e+01,6.430371994577581063e+01,3.194341937393619446e+01,4.721430508634512080e+01,6.963243090760079212e+01,5.578188992176001193e+01,9.446745872497558594e+00,-8.414105772972106934e-01,-2.294756323099136353e-01,7.570000000000000000e+02
1.160883974333410151e+01,3.175175230671447935e+01,6.319791218795216992e+01,6.582732502368889982e+01,3.216187577424716437e+01,4.729239484472782351e+01,6.974640070302848471e+01,5.797325992833066266e+01,9.446745872497558594e+00,-8.414105772972106934e-01,-2.294756323099136353e-01,7.580000000000000000e+02
1.286682143271900713e+01,3.366179076211119536e+01,6.414241393990596407e+01,6.651255554878298426e+01,3.225651219439168926e+01,4.762514783829828957e+01,6.926606122683006106e+01,5.925898000955930911e+01,9.446745872497558594e+00,-8.414105772972106934e-01,-2.294756323099136353e-01,7.590000000000000000e+02
1.406066154536529211e+01,3.496014710734380060e+01,6.496381986546475673e+01,6.623189507807546761e+01,3.212883081790641882e+01,4.787545445011346601e+01,6.818341524659626884e+01,5.949592958270659437e+01,9.446745872497558594e+00,-8.414105772972106934e-01,-2.294756323099136353e-01,7.600000000000000000e+02
1.478976251747008064e+01,3.618634464998103795e+01,6.542030386295300559e+01,6.532340866461163387e+01,3.187025824621377978e+01,4.765456584696948994e+01,6.678165995662129717e+01,5.899524699337780476e+01,9.446745872497558594e+00,-8.414105772972106934e-01,-2.294756323099136353e-01,7.610000000000000000e+02
1.519836331231272197e+01,3.719267174196284031e+01,6.582296361638145754e+01,6.416424207887757802e+01,3.178305812944017816e+01,4.685582814741064794e+01,6.559751872840570286e+01,5.841961774400988361e+01,9.446745872497558594e+00,-8.414105772972106934e-01,-2.294756323099136353e-01,7.620000000000000000e+02
1.570529704511500313e+01,3.744824158749179333e+01,6.668196373144019162e+01,6.290776566751446808e+01,3.225684992547758156e+01,4.582269844294933137e+01,6.515766303816781146e+01,5.844724571010010550e+01,9.446745872497558594e+00,-8.414105772972106934e-01,-2.294756323099136353e-01,7.630000000000000000e+02
1.639072374356328510e+01,3.682371370661348919e+01,6.807886899654840818e+01,6.159596886104554869e+01,3.354659147815254983e+01,4.517478491288056830e+01,6.566765141629730351e+01,5.937324991295463406e+01,9.446745872497558594e+00,-8.414105772972106934e-01,-2.294756323099136353e-01,7.640000000000000000e+02
1.672911546117393300e+01,3.601039899452734971e+01,6.943919295661544311e+01,6.043286755589360837e+01,3.558591979391349014e+01,4.540087881773797562e+01,6.691338245133374585e+01,6.095806298442039406e+01,9.446745872497558594e+00,-8.414105772972106934e-01,-2.294756323099136353e-01,7.650000000000000000e+02
1.604238882211211603e+01,3.608908105855152826e+01,6.999079040749347769e+01,5.983764677562430734e+01,3.796107513002061751e+01,4.652117701555835083e+01,6.843239197119328310e+01,6.267095857991807861e+01,9.446745872497558594e+00,-8.414105772972106934e-01,-2.294756323099136353e-01,7.660000000000000000e+02
1.429032261001702864e+01,3.760687893506474211e+01,6.948878033773507923e+01,6.016323815012583509e+01,4.008640410899533890e+01,4.807361266978841741e+01,6.976043399344780482e+01,6.412852487263444345e+01,9.446745872497558594e+00,-8.414105772972106934e-01,-2.294756323099136353e-01,7.670000000000000000e+02
1.237617932963985368e+01,3.998941524446854601e+01,6.848215540872479323e+01,6.133667182686622255e+01,4.147989789280836703e+01,4.941632984847092303e+01,7.053477709756771219e+01,6.532189769767137477e+01,9.446745872497558594e+00,-8.414105772972106934e-01,-2.294756323099136353e-01,7.680000000000000000e+02
1.155200982757378370e+01,4.182995264100827626e+01,6.784773814856089302e+01,6.278212663679005345e+01,4.197754777477530297e+01,5.010529805947589921e+01,7.048437679824928637e+01,6.644379949689027853e+01,9.446745872497558594e+00,-8.414105772972106934e-01,-2.294756323099136353e-01,7.690000000000000000e+02
1.238520086510106921e+01,4.183578281818336109e+01,6.805258017425512662e+01,6.374743725464941235e+01,4.177765758850728162e+01,5.009281973852921510e+01,6.950922445500327740e+01,6.754904412322503049e+01,9.446745872497558594e+00,-8.414105772972106934e-01,-2.294756323099136353e-01,7.700000000000000000e+02
1.424692935037819552e+01,3.969737864408671157e+01,6.887222477553950739e+01,6.379229080659570172e+01,4.132937891629990190e+01,4.966119454903673613e+01,6.791135986104563926e+01,6.845201552574144443e+01,9.446745872497558594e+00,-8.414105772972106934e-01,-2.294756323099136353e-01,7.710000000000000000e+02
1.584551998702954734e+01,3.628826660919730784e+01,6.980060342231445247e+01,6.306496463342773495e+01,4.115248193588195136e+01,4.920283009560080245e+01,6.653414194451761432e+01,6.899414050006453181e+01,9.446745872497558594e+00,-8.414105772972106934e-01,-2.294756323099136353e-01,7.720000000000000000e+02
1.633742239345519920e+01,3.316956967043006443e+01,7.066538016853883164e+01,6.218000210637546843e+01,4.164339924103842350e+01,4.902101114142715232e+01,6.647044170140725328e+01,6.937532802091300255e+01,9.446745872497558594e+00,-8.414105772972106934e-01,-2.294756323099136353e-01,7.730000000000000000e+02
1.598539826912019635e+01,3.179719680153721129e+01,7.176698336644767551e+01,6.180593230073282029e+01,4.288957606903568376e+01,4.923835314193274826e+01,6.834333913862792542e+01,7.011206334878079360e+01,9.408499717712402344e+00,-9.943943619728088379e-01,-1.912296712398529053e-01,7.740000000000000000e+02
1.578886814885481726e+01,3.288040202637785114e+01,7.340550391308352118e+01,6.227091231622762280e+01,4.458252097578952089e+01,4.981627851961093256e+01,7.168565647318609990e+01,7.157979350387904560e+01,9.408499717712402344e+00,-9.943943619728088379e-01,-1.912296712398529053e-01,7.750000000000000000e+02
1.648836716676669312e+01,3.613885126396780834e+01,7.534513933494599769e+01,6.344153237479622476e+01,4.615295001173581113e+01,5.063492800988751696e+01,7.504031112707889406e+01,7.358589333033887669e+01,9.408499717712402344e+00,-9.943943619728088379e-01,-1.912296712398529053e-01,7.760000000000000000e+02
1.790165618462197017e+01,4.048500320632228977e+01,7.683153151239093859e+01,6.489632105745113222e+01,4.712027483494603075e+01,5.157050899431487778e+01,7.685870176143362187e+01,7.543269363656145288e+01,9.408499717712402344e+00,-9.943943619728088379e-01,-1.912296712398529053e-01,7.770000000000000000e+02
1.915362548234770657e+01,4.454342448035822599e+01,7.718410091023542918e+01,6.619735084939020453e+01,4.740930389229470165e+01,5.250457210231979843e+01,7.654197974305498064e+01,7.642731410436317674e+01,9.408499717712402344e+00,-9.943943619728088379e-01,-1.912296712398529053e-01,7.780000000000000000e+02
1.947789961477974430e+01,4.729632469617718016e+01,7.636101741597303771e+01,6.703723417223955039e+01,4.731947949377354234e+01,5.325390782784234034e+01,7.476281452387775062e+01,7.633579671771440189e+01,9.408499717712402344e+00,-9.943943619728088379e-01,-1.912296712398529053e-01,7.790000000000000000e+02
1.879232514623799943e+01,4.851900615953854867e+01,7.493154986654553795e+01,6.720331199613428907e+01,4.713330365763249574e+01,5.350658542884048074e+01,7.280940183433631319e+01,7.537051573042845121e+01,9.408499717712402344e+00,-9.943943619728088379e-01,-1.912296712398529053e-01,7.800000000000000000e+02
1.760718364699641825e+01,4.872380786810754216e+01,7.353826016851598979e+01,6.651084069055650616e+01,4.677042202372103930e+01,5.292157002915337216e+01,7.158578146612126147e+01,7.384976585606273147e+01,9.408499717712402344e+00,-9.943943619728088379e-01,-1.912296712398529053e-01,7.810000000000000000e+02
1.653367718671506736e+01,4.864328799252325553e+01,7.246324768127669813e+01,6.488146297424827935e+01,4.593026751414799946e+01,5.143269462975877104e+01,7.117117403159863898e+01,7.203073546625091694e+01,9.408499717712402344e+00,-9.943943619728088379e-01,-1.912296712398529053e-01,7.820000000000000000e+02
1.593474689380673226e+01,4.864749910162936430e+01,7.173597198841889622e+01,6.255531301679729950e+01,4.467024406974087469e+01,4.954126689666009042e+01,7.123466177277077804e+01,7.034482804103754461e+01,9.408499717712402344e+00,-9.943943619728088379e-01,-1.912296712398529053e-01,7.830000000000000000e+02
1.592579534317337675e+01,4.855559733966583735e+01,7.154822570424221340e+01,6.021252621071471367e+01,4.379496528222080087e+01,4.824992097375070443e+01,7.173715916240689694e+01,6.966613347711972892e+01,9.408499717712402344e+00,-9.943943619728088379e-01,-1.912296712398529053e-01,7.840000000000000000e+02
1.649512933697405970e+01,4.795127787100136629e+01,7.235643784591229632e+01,5.877770714148937259e+01,4.447549348074971931e+01,4.852299498918000609e+01,7.308925186085252790e+01,7.105109690390963806e+01,9.408499717712402344e+00,-9.943943619728088379e-01,-1.912296712398529053e-01,7.850000000000000000e+02
1.748278094709166908e+01,4.666894921532002627e+01,7.440740772048229701e+01,5.893589594576042145e+01,4.725233558534455369e+01,5.059090271920285886e+01,7.554517194753861986e+01,7.491424289079077425e+01,9.408499717712402344e+00,-9.943943619728088379e-01,-1.912296712398529053e-01,7.860000000000000000e+02
1.848632228964561364e+01,4.500838491096510552e+01,7.713913774117827415e+01,6.067734971501704422e+01,5.130546741704893066e+01,5.366701572778401896e+01,7.848145644892065320e+01,8.033665800590824801e+01,9.408499717712402344e+00,-9.943943619728088379e-01,-1.912296712398529053e-01,7.870000000000000000e+02
1.898560759304018575e+01,4.355250688242813339e+01,7.921275987511035055e+01,6.324550782738151611e+01,5.477975674848858034e+01,5.639518002488330239e+01,8.044010119710947038e+01,8.530408887992598466e+01,9.408499717712402344e+00,-9.943943619728088379e-01,-1.912296712398529053e-01,7.880000000000000000e+02
1.873859791862196289e+01,4.283209184132647351e+01,7.939107464136759518e+01,6.558765528030198766e+01,5.603873119382478762e+01,5.774653952927474165e+01,8.010825895338712144e+01,8.790984917703462997e+01,9.408499717712402344e+00,-9.943943619728088379e-01,-1.912296712398529053e-01,7.890000000000000000e+02
1.806852992219864973e+01,4.311904149346082704e+01,7.759425961768283742e+01,6.700666939237999031e+01,5.484541894046196830e+01,5.767281163776351605e+01,7.744259557509576553e+01,8.762931179660517955e+01,9.408499717712402344e+00,-9.943943619728088379e-01,-1.912296712398529053e-01,7.900000000000000000e+02
1.764740258409074158e+01,4.438557115277944831e+01,7.512743571250757668e+01,6.753990447345859138e+01,5.247528195022459840e+01,5.700619878133875318e+01,7.388124957257605274e+01,8.560590636762935901e+01,9.408499717712402344e+00,-9.943943619728088379e-01,-1.912296712398529053e-01,7.910000000000000000e+02
1.786582610794357606e+01,4.628929216208416619e+01,7.374017874723358545e+01,6.779123604097912903e+01,5.069450844507446163e+01,5.671842199587263167e+01,7.135179181467538001e+01,8.370447500029331422e+01,9.408499717712402344e+00,-9.943943619728088379e-01,-1.912296712398529053e-01,7.920000000000000000e+02
1.838231862099564751e+01,4.818700634903871105e+01,7.425609591923421249e+01,6.838607076568587217e+01,5.048961253271045280e+01,5.718010077439976158e+01,7.088103676302125677e+01,8.316103627925986075e+01,9.408499717712402344e+00,-9.943943619728088379e-01,-1.912296712398529053e-01,7.930000000000000000e+02
1.836875278477236861e+01,4.936368648448842578e+01,7.596463689884694759e+01,6.949210468001547270e+01,5.156055354135241942e+01,5.801067938565392978e+01,7.199161808863209444e+01,8.395849695292054093e+01,9.408499717712402344e+00,-9.943943619728088379e-01,-1.912296712398529053e-01,7.940000000000000000e+02
1.731230396604951238e+01,4.949255393152998295e+01,7.732227400938427309e+01,7.076534989175343071e+01,5.285869446838114527e+01,5.855908714685210725e+01,7.334315507051360328e+01,8.531957199295720784e+01,9.408499717712402344e+00,-9.943943619728088379e-01,-1.912296712398529053e-01,7.950000000000000000e+02
1.565828338344363146e+01,4.896480614723623148e+01,7.734602852998796152e+01,7.172553269363561412e+01,5.358007016756891971e+01,5.852160261109384010e+01,7.395990973292282433e+01,8.668507890289038187e+01,9.408499717712402344e+00,-9.943943619728088379e-01,-1.912296712398529053e-01,7.960000000000000000e+02
1.466160325292366906e+01,4.866301697308517760e+01,7.647208571892406326e+01,7.222112663942971267e+01,5.378047214223624906e+01,5.815643773046758724e+01,7.393838015181609080e+01,8.820774203100518207e+01,9.408499717712402344e+00,-9.943943619728088379e-01,-1.912296712398529053e-01,7.970000000000000000e+02
1.550766852545712027e+01,4.921706705062388210e+01,7.615064310274101445e+01,7.258302904115771526e+01,5.421127108334985678e+01,5.797144640692567918e+01,7.411370264869037783e+01,9.038561655760713620e+01,9.408499717712402344e+00,-9.943943619728088379e-01,-1.912296712398529053e-01,7.980000000000000000e+02
1.841072789516329067e+01,5.037775524426251650e+01,7.756967303417332005e+01,7.334668894623609958e+01,5.561624044384006993e+01,5.824237818705296377e+01,7.515556094355270034e+01,9.333142634036266827e+01,9.408499717712402344e+00,-9.943943619728088379e-01,-1.912296712398529053e-01,7.990000000000000000e+02
2.240216130360568059e+01,5.117628302605953650e+01,8.064139162281571771e+01,7.479333187171141617e+01,5.807868378816783661e+01,5.883221461102948524e+01,7.701388821392538375e+01,9.647903908726584632e+01,9.408499717712402344e+00,-9.943943619728088379e-01,-1.912296712398529053e-01,8.000000000000000000e+02
2.592885636630307999e+01,5.080702066729281796e+01,8.408921250328421593e+01,7.669842446318580187e+01,6.087741208229999756e+01,5.943788841801142553e+01,7.913200565581428236e+01,9.900023073655756889e+01,9.523238182067871094e+00,-8.796565532684326172e-01,-1.147378161549568176e-01,8.010000000000000000e+02
2.777348006950705894e+01,4.936359480484679807e+01,8.646855163178770454e+01,7.848134991375263780e+01,6.292697859448162490e+01,5.996062639142110129e+01,8.102029167297951062e+01,1.004603077589672466e+02,9.523238182067871094e+00,-8.796565532684326172e-01,-1.147378161549568176e-01,8.020000000000000000e+02
2.767027702851555659e+01,4.765316187515054480e+01,8.720830541761097265e+01,7.961256491644599009e+01,6.350365694054198684e+01,6.059880703867020202e+01,8.252190546803831239e+01,1.010679418369254563e+02,9.523238182067871094e+00,-8.796565532684326172e-01,-1.147378161549568176e-01,8.030000000000000000e+02
2.631406512032117462e+01,4.627943198451612261e+01,8.686499667208227038e+01,7.994812828514477587e+01,6.278508667476125993e+01,6.157812487135015544e+01,8.358925158128477051e+01,1.013560240156948566e+02,9.523238182067871094e+00,-8.796565532684326172e-01,-1.147378161549568176e-01,8.040000000000000000e+02
2.486591439646144863e+01,4.499702733067715599e+01,8.652599693152660620e+01,7.975893614224332850e+01,6.182342590471671429e+01,6.283226954830388422e+01,8.399211391324206488e+01,1.017101143155668979e+02,9.523238182067871094e+00,-8.796565532684326172e-01,-1.147378161549568176e-01,8.050000000000000000e+02
2.429021722495781432e+01,4.308796083062225080e+01,8.696750445372163085e+01,7.948281927990683471e+01,6.189833710153834545e+01,6.399486149660879164e+01,8.342298704422319133e+01,1.022206510219948541e+02,9.523238182067871094e+00,-8.796565532684326172e-01,-1.147378161549568176e-01,8.060000000000000000e+02
2.486148522396797489e+01,4.039771930668030109e+01,8.822353040337475250e+01,7.942220189993895474e+01,6.363854344828723697e+01,6.472766939151188126e+01,8.194339639491408889e+01,1.028819241536002664e+02,9.523238182067871094e+00,-8.796565532684326172e-01,-1.147378161549568176e-01,8.070000000000000000e+02
2.607839556022372562e+01,3.789169269083868130e+01,8.975261269979091594e+01,7.960056614327186253e+01,6.651771812443621457e+01,6.503190779229771579e+01,8.023656341994865215e+01,1.037619661293574609e+02,9.523238182067871094e+00,-8.796565532684326172e-01,-1.147378161549568176e-01,8.080000000000000000e+02
2.704273147622006945e+01,3.703334239673495176e+01,9.090607899334645481e+01,7.984137965814443305e+01,6.912614959466736764e+01,6.520410398514650296e+01,7.926045293225251953e+01,1.048783462643259554e+02,9.523238182067871094e+00,-8.796565532684326172e-01,-1.147378161549568176e-01,8.090000000000000000e+02
2.709669710275193211e+01,3.852258881561465387e+01,9.130492527095339028e+01,7.996521792879866553e+01,7.008032251978147542e+01,6.549294291051410255e+01,7.952889412212971365e+01,1.059666837950462650e+02,9.523238182067871094e+00,-8.796565532684326172e-01,-1.147378161549568176e-01,8.100000000000000000e+02
2.629873095005132200e+01,4.165934233152256638e+01,9.095591233523919072e+01,7.995320753989290097e+01,6.894904312151265913e+01,6.584285575270769186e+01,8.069911238473650883e+01,1.065501262403849978e+02,9.523238182067871094e+00,-8.796565532684326172e-01,-1.147378161549568176e-01,8.110000000000000000e+02
2.537459659683190694e+01,4.499412893206681474e+01,9.016286145309459243e+01,7.996267645584157435e+01,6.653474193420697702e+01,6.600987246371005313e+01,8.186984321394265862e+01,1.063839200055008405e+02,9.523238182067871094e+00,-8.796565532684326172e-01,-1.147378161549568176e-01,8.120000000000000000e+02
2.514694172019699181e+01,4.760337680345219269e+01,8.934390187207100098e+01,8.018113669008744182e+01,6.429958019145487924e+01,6.589007903469246230e+01,8.230878734006728337e+01,1.058145414708233147e+02,9.523238182067871094e+00,-8.796565532684326172e-01,-1.147378161549568176e-01,8.130000000000000000e+02
2.588966649555186450e+01,4.970588221985235577e+01,8.883078234928143502e+01,8.064317210919398349e+01,6.336140023414918687e+01,6.565104961656106752e+01,8.194248232324753189e+01,1.055686951303905516e+02,9.523238182067871094e+00,-8.796565532684326172e-01,-1.147378161549568176e-01,8.140000000000000000e+02
2.712970663223495649e+01,5.205813403567663045e+01,8.873126137574035965e+01,8.119161257131054299e+01,6.381367681004485348e+01,6.551211217520176433e+01,8.121864588629614445e+01,1.060872684546011442e+02,9.523238182067871094e+00,-8.796565532684326172e-01,-1.147378161549568176e-01,8.150000000000000000e+02
2.804882824096057448e+01,5.486269208195517422e+01,8.893948682186237420e+01,8.166348788140021497e+01,6.485552823036232439e+01,6.545874508180713747e+01,8.058000581586384214e+01,1.070880806728291645e+02,9.523238182067871094e+00,-8.796565532684326172e-01,-1.147378161549568176e-01,8.160000000000000000e+02
2.812615295098839852e+01,5.739392081253390643e+01,8.929863725135510322e+01,8.215667543924064375e+01,6.556310368999766069e+01,6.528252573875215603e+01,8.011222196572271059e+01,1.078904321442096261e+02,9.523238182067871094e+00,-8.796565532684326172e-01,-1.147378161549568176e-01,8.170000000000000000e+02
2.746682973681527073e+01,5.873701168128718564e+01,8.976570255991282465e+01,8.308109073074228945e+01,6.562341682055739511e+01,6.492980962676665513e+01,7.964307229465521232e+01,1.082281153373060079e+02,9.523238182067871094e+00,-8.796565532684326172e-01,-1.147378161549568176e-01,8.180000000000000000e+02
2.659832329735218082e+01,5.883480068156131892e+01,9.039200257619449985e+01,8.484465509407891659e+01,6.543419706797067192e+01,6.472585112962042331e+01,7.907610154630128818e+01,1.086788860388751345e+02,9.523238182067871094e+00,-8.796565532684326172e-01,-1.147378161549568176e-01,8.190000000000000000e+02
2.598905757877582801e+01,5.867472842870665772e+01,9.110727878361103649e+01,8.739281278031558031e+01,6.555088510178029537e+01,6.512685420999696362e+01,7.854572499068672187e+01,1.101435545638669282e+02,9.523238182067871094e+00,-8.796565532684326172e-01,-1.147378161549568176e-01,8.200000000000000000e+02
2.572566988115613640e+01,5.936931348994221480e+01,9.155707131573581137e+01,9.005942547710947110e+01,6.604641786905813206e+01,6.620427222535363398e+01,7.825999334810148866e+01,1.128176646832562255e+02,9.523238182067871094e+00,-8.796565532684326172e-01,-1.147378161549568176e-01,8.210000000000000000e+02
2.556502527373777411e+01,6.106947322948690271e+01,9.126948232265749539e+01,9.196008890062876162e+01,6.641099559280337417e+01,6.743772838950826554e+01,7.828403319597782684e+01,1.157283152802829136e+02,9.523238182067871094e+00,-8.796565532684326172e-01,-1.147378161549568176e-01,8.220000000000000000e+02
2.522710357767391542e+01,6.284875478063622722e+01,9.010986844977014698e+01,9.264242910829125321e+01,6.608381813050800702e+01,6.810886418277732446e+01,7.854184706438900321e+01,1.174228211766421737e+02,9.523238182067871094e+00,-8.796565532684326172e-01,-1.147378161549568176e-01,8.230000000000000000e+02
2.465508081576263066e+01,6.371067670315824216e+01,8.862682457996015728e+01,9.242362493374639598e+01,6.510776790863383212e+01,6.794628733341596671e+01,7.900529247372651298e+01,1.172535200332058594e+02,9.523238182067871094e+00,-8.796565532684326172e-01,-1.147378161549568176e-01,8.240000000000000000e+02
2.408995600715752516e+01,6.369721564013343595e+01,8.787827711887803162e+01,9.209113182461442193e+01,6.428329534343356499e+01,6.738432778725109529e+01,7.978137668349336309e+01,1.160489169968823262e+02,9.523238182067871094e+00,-8.796565532684326172e-01,-1.147378161549568176e-01,8.250000000000000000e+02
2.397413426965249528e+01,6.394163552957070351e+01,8.874899508579983376e+01,9.224921918096151785e+01,6.464154475486975571e+01,6.719198973969105282e+01,8.091545475609200366e+01,1.155003473102442513e+02,9.523238182067871094e+00,-8.796565532684326172e-01,-1.147378161549568176e-01,8.260000000000000000e+02
2.474120007647979946e+01,6.555821375275627361e+01,9.127366545094810135e+01,9.291697843007386837e+01,6.665574006387578265e+01,6.786602798791864188e+01,8.209837744549622585e+01,1.167987054032782908e+02,9.523238182067871094e+00,-8.796565532684326172e-01,-1.147378161549568176e-01,8.270000000000000000e+02
2.653396322506705474e+01,6.843072907604801003e+01,9.453266101091503515e+01,9.370459825179204927e+01,6.981451747062601498e+01,6.935958117331756512e+01,8.266069203802544507e+01,1.197388222076642705e+02,9.523238182067871094e+00,-8.796565532684326172e-01,-1.147378161549568176e-01,8.280000000000000000e+02
2.895729233484235010e+01,7.109871719218790531e+01,9.721430419399075618e+01,9.430937134108353348e+01,7.286924060781166190e+01,7.128911311810588813e+01,8.199253204123124306e+01,1.230175487587403040e+02,9.523238182067871094e+00,-8.796565532684326172e-01,-1.147378161549568176e-01,8.290000000000000000e+02
3.108171915024831833e+01,7.188976084168280067e+01,9.840100920902659709e+01,9.478725310705158336e+01,7.455897710424687830e+01,7.326562738018037635e+01,8.008340922682873497e+01,1.253352410809475259e+02,9.523238182067871094e+00,-8.796565532684326172e-01,-1.147378161549568176e-01,8.300000000000000000e+02
3.186736696590014617e+01,7.025596820868850045e+01,9.801695920754718827e+01,9.535442381776556431e+01,7.431650291117512097e+01,7.498241525795674534e+01,7.768087989031118923e+01,1.262689353205987572e+02,9.523238182067871094e+00,-8.796565532684326172e-01,-1.147378161549568176e-01,8.310000000000000000e+02
3.085637927684547321e+01,6.709267175274180772e+01,9.672919489084233646e+01,9.600046128754001984e+01,7.254987617092410801e+01,7.610240006295134663e+01,7.585955605888739228e+01,1.262646061933864985e+02,9.408499717712402344e+00,-9.179025292396545410e-01,-3.059675097465515137e-01,8.320000000000000000e+02
2.863803308337264752e+01,6.378733722235301684e+01,9.551449688441971375e+01,9.636531711918541987e+01,7.038739981782418909e+01,7.626149936797992268e+01,7.529404002093724557e+01,1.259857789739362488e+02,9.408499717712402344e+00,-9.179025292396545410e-01,-3.059675097465515137e-01,8.330000000000000000e+02
2.662716073732008226e+01,6.094489390863418521e+01,9.522281857148482231e+01,9.602258011007143068e+01,6.907232640889378672e+01,7.532408824433514383e+01,7.580640669235981477e+01,1.257598141833223053e+02,9.408499717712402344e+00,-9.179025292396545410e-01,-3.059675097465515137e-01,8.340000000000000000e+02
2.619764146736451949e+01,5.800044888854972669e+01,9.628396737326147559e+01,9.489609244833081902e+01,6.933762938952713739e+01,7.364434585069102468e+01,7.655772474524565041e+01,1.255807745198362682e+02,9.408499717712402344e+00,-9.179025292396545410e-01,-3.059675097465515137e-01,8.350000000000000000e+02
2.776055190523402416e+01,5.401531872304985882e+01,9.852802054630410566e+01,9.341637216483832162e+01,7.106737480549782049e+01,7.198413655395052047e+01,7.671892604622371437e+01,1.254668444264134450e+02,9.408499717712402344e+00,-9.179025292396545410e-01,-3.059675097465515137e-01,8.360000000000000000e+02
3.048071020522729668e+01,4.881536758950733201e+01,1.011466635479500837e+02,9.228174903282160813e+01,7.340075482559223019e+01,7.106894890932926501e+01,7.607406388312119816e+01,1.256633679839833349e+02,9.408499717712402344e+00,-9.179025292396545410e-01,-3.059675097465515137e-01,8.370000000000000000e+02
3.284324384139472386e+01,4.335286130824533757e+01,1.029525681683162475e+02,9.201410947411022789e+01,7.519418893633337575e+01,7.113362380963917531e+01,7.508551070830253593e+01,1.264528677743546723e+02,9.408499717712402344e+00,-9.179025292396545410e-01,-3.059675097465515137e-01,8.380000000000000000e+02
3.365381290785444435e+01,3.898776921185526589e+01,1.029943680499263792e+02,9.264142448156599130e+01,7.558286869901348837e+01,7.183921100017687422e+01,7.442517476128341514e+01,1.278243211569260893e+02,9.408499717712402344e+00,-9.179025292396545410e-01,-3.059675097465515137e-01,8.390000000000000000e+02
3.275817328136326978e+01,3.641615959364207811e+01,1.012311582276797708e+02,9.370315008697434678e+01,7.436410922677168855e+01,7.260787135422287975e+01,7.439563795293906878e+01,1.293972386108052888e+02,9.408499717712402344e+00,-9.179025292396545410e-01,-3.059675097465515137e-01,8.400000000000000000e+02
3.103288359540692909e+01,3.524476203714402800e+01,9.873850479043903761e+01,9.456018820366625732e+01,7.206186807859194232e+01,7.306988709803044912e+01,7.472224544892014819e+01,1.307145593623608875e+02,9.408499717712402344e+00,-9.179025292396545410e-01,-3.059675097465515137e-01,8.410000000000000000e+02
2.974229577933601831e+01,3.452021729593343480e+01,9.713531378449170006e+01,9.482453830667145667e+01,6.969047159987349005e+01,7.328186098574224161e+01,7.485515708990533312e+01,1.316331383082397224e+02,9.408499717712402344e+00,-9.179025292396545410e-01,-3.059675097465515137e-01,8.420000000000000000e+02
2.973177776181819354e+01,3.359624791553414980e+01,9.752344001570600085e+01,9.463035174031210772e+01,6.832240534701395518e+01,7.359631415807416488e+01,7.447751766051351296e+01,1.324440845453427755e+02,9.408499717712402344e+00,-9.179025292396545410e-01,-3.059675097465515137e-01,8.430000000000000000e+02
3.095024235738947027e+01,3.249237342568540043e+01,9.970168607134473859e+01,9.452533690460404614e+01,6.860371374808346445e+01,7.431755816193071951e+01,7.377202007770938508e+01,1.336106643819612145e+02,9.408499717712402344e+00,-9.179025292396545410e-01,-3.059675097465515137e-01,8.440000000000000000e+02
3.255807283815011033e+01,3.151628454998717643e+01,1.022914331055308139e+02,9.500735605779846082e+01,7.041520185292938550e+01,7.540160801482124953e+01,7.324350161801157810e+01,1.353614972217837931e+02,9.408499717712402344e+00,-9.179025292396545410e-01,-3.059675097465515137e-01,8.450000000000000000e+02
3.353857829217304243e+01,3.068867009411951585e+01,1.037164432159233911e+02,9.605326389304173063e+01,7.289303348485464085e+01,7.640791691410231579e+01,7.329539179572748253e+01,1.374874123563968169e+02,9.408499717712402344e+00,-9.179025292396545410e-01,-3.059675097465515137e-01,8.460000000000000000e+02
3.341247658313568536e+01,2.961744699697283068e+01,1.032711177056253291e+02,9.706043229508577497e+01,7.486518914403768576e+01,7.674762398941493302e+01,7.391952297092757362e+01,1.394707787852203182e+02,9.408499717712402344e+00,-9.179025292396545410e-01,-3.059675097465515137e-01,8.470000000000000000e+02
3.256125821280056698e+01,2.793244381099430029e+01,1.014664882378665425e+02,9.732813713536779687e+01,7.549364321064331307e+01,7.608077589213280589e+01,7.472603527781757293e+01,1.408146187563606873e+02,9.408499717712402344e+00,-9.179025292396545410e-01,-3.059675097465515137e-01,8.480000000000000000e+02
3.189737884502483212e+01,2.577305758114835044e+01,9.944887504140751844e+01,9.670432508972317009e+01,7.471203212838645413e+01,7.458497940166671469e+01,7.523696929499601538e+01,1.413177356818669068e+02,9.408499717712402344e+00,-9.179025292396545410e-01,-3.059675097465515137e-01,8.490000000000000000e+02
3.211243957021815731e+01,2.377639887024179188e+01,9.803840217232027499e+01,9.581017139911364211e+01,7.315498743048465258e+01,7.289874200850499619e+01,7.519529635399703693e+01,1.411349990336475457e+02,9.408499717712402344e+00,-9.179025292396545410e-01,-3.059675097465515137e-01,8.500000000000000000e+02
3.313266961614590400e+01,2.255629281203709979e+01,9.720097851450009330e+01,9.559512972005904885e+01,7.165785696808052307e+01,7.177363712799706263e+01,7.470053713936340500e+01,1.406350927919256719e+02,9.408499717712402344e+00,-9.179025292396545410e-01,-3.059675097465515137e-01,8.510000000000000000e+02
3.427704023549631529e+01,2.217353545888909139e+01,9.631497739439419092e+01,9.657456057751096523e+01,7.073570390393069829e+01,7.168927198890014552e+01,7.413467986117575492e+01,1.401663643466290523e+02,9.408499717712402344e+00,-9.179025292396545410e-01,-3.059675097465515137e-01,8.520000000000000000e+02
3.498801591914252640e+01,2.208740924914764037e+01,9.488006697298988001e+01,9.841141690862059477e+01,7.041179068298515631e+01,7.268786460519459069e+01,7.394479180703092425e+01,1.398423651178682121e+02,9.484992027282714844e+00,-8.796565532684326172e-01,-1.529837548732757568e-01,8.530000000000000000e+02
3.542868308616016293e+01,2.159500857148668729e+01,9.297769462290852971e+01,1.001990639189370995e+02,7.042634594224819011e+01,7.445300265727200895e+01,7.436887231975561008e+01,1.394212621323131316e+02,9.484992027282714844e+00,-8.796565532684326172e-01,-1.529837548732757568e-01,8.540000000000000000e+02
3.632534411804499541e+01,2.032182490372997563e+01,9.109429123723475641e+01,1.011688209010026185e+02,7.056427696862101584e+01,7.647169626684899413e+01,7.523899604054440715e+01,1.383541905178799425e+02,9.484992027282714844e+00,-8.796565532684326172e-01,-1.529837548732757568e-01,8.550000000000000000e+02
3.817360736431055557e+01,1.836409506391009927e+01,8.955867960133309680e+01,1.011985501747158196e+02,7.081373585825622285e+01,7.815852312888819142e+01,7.603137409130431479e+01,1.360466202309235086e+02,9.484992027282714844e+00,-8.796565532684326172e-01,-1.529837548732757568e-01,8.560000000000000000e+02
4.060130918608319917e+01,1.606506767416976800e+01,8.819515202670208964e+01,1.007345542623179426e+02,7.128282245945320028e+01,7.898203123381699697e+01,7.621753705665378220e+01,1.322369954773139398e+02,9.484992027282714844e+00,-8.796565532684326172e-01,-1.529837548732757568e-01,8.570000000000000000e+02
4.257013350285797060e+01,1.371901725001680461e+01,8.652579061335518418e+01,1.002885210430667939e+02,7.200590983678102930e+01,7.867103515423423232e+01,7.571858358808094636e+01,1.272415061259671347e+02,9.484992027282714844e+00,-8.796565532684326172e-01,-1.529837548732757568e-01,8.580000000000000000e+02
4.325248535462742439e+01,1.146309533099793043e+01,8.428472878126331125e+01,1.000141436495296148e+02,7.281171326371622854e+01,7.741909509528704803e+01,7.507187265438369650e+01,1.218365069074288840e+02,9.484992027282714844e+00,-8.796565532684326172e-01,-1.529837548732757568e-01,8.590000000000000000e+02
4.271937648277662447e+01,9.354224518895534857e+00,8.171349224056575622e+01,9.971868083066965482e+01,7.335299491007299366e+01,7.586454073662480369e+01,7.507008440351592071e+01,1.168032682046186892e+02,9.484992027282714844e+00,-8.796565532684326172e-01,-1.529837548732757568e-01,8.600000000000000000e+02
4.176080195399026707e+01,7.466822342402338109e+00,7.934224760393090037e+01,9.921961100924090715e+01,7.329037731833795988e+01,7.474277331123448675e+01,7.610214187849396694e+01,1.124595082756759439e+02,9.484992027282714844e+00,-8.796565532684326172e-01,-1.529837548732757568e-01,8.610000000000000000e+02
4.105371669455462325e+01,5.897688485758408206e+00,7.749431800726324582e+01,9.865195921551276115e+01,7.253196103942718764e+01,7.442095677625547978e+01,7.777112608185552745e+01,1.085436473103327444e+02,9.484992027282714844e+00,-8.796565532684326172e-01,-1.529837548732757568e-01,8.620000000000000000e+02
4.054959813549976388e+01,4.693121230753149575e+00,7.600796677272501256e+01,9.840749146438520256e+01,7.135089906530265580e+01,7.469190787370916951e+01,7.917001627529452890e+01,1.045313482124133770e+02,9.484992027282714844e+00,-8.796565532684326172e-01,-1.529837548732757568e-01,8.630000000000000000e+02
3.970418251521959974e+01,3.801197967512507603e+00,7.444270151416685621e+01,9.876371869947251980e+01,7.025545926498580229e+01,7.502060236178476771e+01,7.960591082769224158e+01,1.001091214345424305e+02,9.484992027282714844e+00,-8.796565532684326172e-01,-1.529837548732757568e-01,8.640000000000000000e+02
3.825960735002900037e+01,3.095635491319171706e+00,7.253814329129090765e+01,9.956484406512663554e+01,6.966982793763872905e+01,7.504245635305051110e+01,7.911928960357090546e+01,9.542197295773121368e+01,9.484992027282714844e+00,-8.796565532684326172e-01,-1.529837548732757568e-01,8.650000000000000000e+02
3.671851975192930695e+01,2.437501026290647133e+00,7.046540488892787835e+01,1.002747812094276014e+02,6.968844793038942953e+01,7.488518602886506415e+01,7.832056740225971225e+01,9.094152962604357526e+01,9.484992027282714844e+00,-8.796565532684326172e-01,-1.529837548732757568e-01,8.660000000000000000e+02
3.597018461603465767e+01,1.717132224241140648e+00,6.863050331004433247e+01,1.003739317192444105e+02,7.011799177976172359e+01,7.504308378735458973e+01,7.772424261290689174e+01,8.711897403225566450e+01,9.484992027282714844e+00,-8.796565532684326172e-01,-1.529837548732757568e-01,8.670000000000000000e+02
3.642377995162587467e+01,8.461425322161630902e-01,6.724314329854132666e+01,9.975290577241412393e+01,7.072620828959270511e+01,7.592696420117772504e+01,7.727641980750786388e+01,8.411736423373440630e+01,9.484992027282714844e+00,-8.796565532684326172e-01,-1.529837548732757568e-01,8.680000000000000000e+02
3.752853654858881782e+01,-3.013589947940999991e-01,6.609607667182081059e+01,9.875202164325992271e+01,7.139518875161866163e+01,7.747459416200763371e+01,7.656413747162241634e+01,8.177589028721013165e+01,9.484992027282714844e+00,-8.796565532684326172e-01,-1.529837548732757568e-01,8.690000000000000000e+02
3.817084229251304350e+01,-1.955898401073682180e+00,6.477471371886804263e+01,9.781631302937239525e+01,7.200432577009951274e+01,7.912744095283915158e+01,7.546779692039672227e+01,7.975149291617981362e+01,9.484992027282714844e+00,-8.796565532684326172e-01,-1.529837548732757568e-01,8.700000000000000000e+02
3.759915336943413422e+01,-4.440278945536192623e+00,6.309497754912626988e+01,9.708619603270108200e+01,7.223954679640473842e+01,8.018080031610452352e+01,7.453448489483116646e+01,7.770164140526867413e+01,9.484992027282714844e+00,-8.796565532684326172e-01,-1.529837548732757568e-01,8.710000000000000000e+02
3.604677117251048912e+01,-8.005528041880552337e+00,6.135131391020149749e+01,9.630904304633349966e+01,7.168777475830847834e+01,8.023775826674500422e+01,7.461542074322051121e+01,7.540862790530673010e+01,9.484992027282714844e+00,-8.796565532684326172e-01,-1.529837548732757568e-01,8.720000000000000000e+02
3.453435398932788303e+01,-1.255142692081744826e+01,6.014266141471034643e+01,9.515389941916964744e+01,7.027291157343279338e+01,7.945217299657088006e+01,7.607142328887653093e+01,7.283195501223326573e+01,9.484992027282714844e+00,-8.796565532684326172e-01,-1.529837548732757568e-01,8.730000000000000000e+02
3.407152970839479167e+01,-1.742154958767082462e+01,5.990698458202064103e+01,9.361744512289169506e+01,6.859186426620635757e+01,7.842040197661572165e+01,7.830825480525231796e+01,7.008783455145658081e+01,9.484992027282714844e+00,-8.796565532684326172e-01,-1.529837548732757568e-01,8.740000000000000000e+02
3.493642837513812083e+01,-2.153500554915649445e+01,6.053638180417442527e+01,9.212352262260537827e+01,6.765790901307900640e+01,7.782186693356516116e+01,8.010793182904421883e+01,6.736630103268726089e+01,9.484992027282714844e+00,-8.796565532684326172e-01,-1.529837548732757568e-01,8.750000000000000000e+02
3.655895222722824656e+01,-2.391621770590131746e+01,6.139466151716601416e+01,9.122526885486695392e+01,6.812745531682480760e+01,7.805697314628287131e+01,8.049493892951477392e+01,6.483961921874083600e+01,9.484992027282714844e+00,-8.796565532684326172e-01,-1.529837548732757568e-01,8.760000000000000000e+02
3.800776661984559723e+01,-2.431441514505286250e+01,6.174004853618293964e+01,9.120354840349546066e+01,6.970660583384255915e+01,7.910768044632368401e+01,7.939367261014126598e+01,6.264174732501692233e+01,9.484992027282714844e+00,-8.796565532684326172e-01,-1.529837548732757568e-01,8.770000000000000000e+02
3.865091377650855975e+01,-2.343550597854277839e+01,6.123378317460219478e+01,9.190470738174803955e+01,7.138003096921511315e+01,8.065646490860581252e+01,7.756701754630989853e+01,6.092351961501799451e+01,9.446745872497558594e+00,-9.561483860015869141e-01,-1.529837548732757568e-01,8.780000000000000000e+02
3.852258515493736013e+01,-2.254739872423328961e+01,6.015433917160885358e+01,9.291159032651921734e+01,7.231455271806771634e+01,8.232252700704384551e+01,7.598399536195574910e+01,5.987148617106277015e+01,9.446745872497558594e+00,-9.561483860015869141e-01,-1.529837548732757568e-01,8.790000000000000000e+02
3.819771111488876159e+01,-2.269629718523788142e+01,5.915604864551119135e+01,9.383676766862186014e+01,7.256720998563991998e+01,8.382899351810351618e+01,7.520586438705254295e+01,5.958361053831572463e+01,9.446745872497558594e+00,-9.561483860015869141e-01,-1.529837548732757568e-01,8.800000000000000000e+02
3.831105045230583528e+01,-2.410089061731093807e+01,5.875331066218518572e+01,9.445372883301956790e+01,7.287448327164906914e+01,8.501884902435426739e+01,7.523714955516607006e+01,5.985445501270601198e+01,9.446745872497558594e+00,-9.561483860015869141e-01,-1.529837548732757568e-01,8.810000000000000000e+02
3.906515631059880889e+01,-2.617556891132062447e+01,5.891722519135112179e+01,9.460735241748761837e+01,7.370621899509615105e+01,8.577348885869514561e+01,7.577862569052695108e+01,6.007216183766649920e+01,9.446745872497558594e+00,-9.561483860015869141e-01,-1.529837548732757568e-01,8.820000000000000000e+02
4.005699976318487643e+01,-2.810803458327052340e+01,5.909155793796901435e+01,9.410289052562256984e+01,7.454393273219056937e+01,8.595334853476356329e+01,7.651298987486666192e+01,5.941813105124083449e+01,9.446745872497558594e+00,-9.561483860015869141e-01,-1.529837548732757568e-01,8.830000000000000000e+02
4.055152175914679447e+01,-2.946483611153735183e+01,5.860975194066111271e+01,9.277497626271178888e+01,7.416128510986970923e+01,8.542946650797875918e+01,7.716983988017921092e+01,5.730857118912354053e+01,9.446745872497558594e+00,-9.561483860015869141e-01,-1.529837548732757568e-01,8.840000000000000000e+02
4.001379462706358936e+01,-3.036088519813506537e+01,5.716379568888237372e+01,9.070708802272997673e+01,7.170058454099807932e+01,8.417739322294914928e+01,7.742464860198981569e+01,5.376622782866002126e+01,9.446745872497558594e+00,-9.561483860015869141e-01,-1.529837548732757568e-01,8.850000000000000000e+02
3.850766668085657329e+01,-3.116235733808878194e+01,5.495494186555117722e+01,8.836015048840090458e+01,6.754429315425397817e+01,8.235695703451369809e+01,7.687802704073385485e+01,4.943170431041789925e+01,9.446745872497558594e+00,-9.561483860015869141e-01,-1.529837548732757568e-01,8.860000000000000000e+02
3.666386661527752722e+01,-3.207150457537420607e+01,5.245971401415260971e+01,8.641556262355243234e+01,6.317575675732791751e+01,8.031660202467764975e+01,7.525979674780307960e+01,4.521322350533625922e+01,9.446745872497558594e+00,-9.561483860015869141e-01,-1.529837548732757568e-01,8.870000000000000000e+02
3.524772704393046752e+01,-3.297679749711431896e+01,5.008286277205365877e+01,8.539084141242710757e+01,6.016278758064811427e+01,7.849698032768560552e+01,7.272481607385009283e+01,4.183600726217514421e+01,9.446745872497558594e+00,-9.561483860015869141e-01,-1.529837548732757568e-01,8.880000000000000000e+02
3.465680995443551637e+01,-3.365436568126028760e+01,4.802590354998744715e+01,8.530277182756185539e+01,5.916158041343737750e+01,7.725978568200662266e+01,6.995010425935811327e+01,3.957590148433314425e+01,9.446745872497558594e+00,-9.561483860015869141e-01,-1.529837548732757568e-01,8.890000000000000000e+02
3.471050046453387949e+01,-3.407486590507483015e+01,4.642073925482714003e+01,8.563519334410875672e+01,5.972647432680719248e+01,7.672127558901343036e+01,6.784742687226264479e+01,3.825823506854248990e+01,9.446745872497558594e+00,-9.561483860015869141e-01,-1.529837548732757568e-01,8.900000000000000000e+02
3.484480177250321731e+01,-3.450126149225212657e+01,4.547404042378468603e+01,8.563773307542646762e+01,6.091554124527920067e+01,7.669129611222933818e+01,6.700980586516254789e+01,3.742225958485835235e+01,9.446745872497558594e+00,-9.561483860015869141e-01,-1.529837548732757568e-01,8.910000000000000000e+02
3.452908998443734845e+01,-3.526404639034944921e+01,4.537773043625838909e+01,8.474376695869909781e+01,6.202046314539404648e+01,7.677231296188267606e+01,6.728087700426715401e+01,3.653272827441060144e+01,9.446745872497558594e+00,-9.561483860015869141e-01,-1.529837548732757568e-01,8.920000000000000000e+02
3.359824227131718999e+01,-3.637890283171219608e+01,4.605109507606096031e+01,8.284163852757887980e+01,6.280316886894968320e+01,7.656671978412623503e+01,6.783522836107124476e+01,3.519717729556839458e+01,9.446745872497558594e+00,-9.561483860015869141e-01,-1.529837548732757568e-01,8.930000000000000000e+02
3.231249820499306225e+01,-3.731664472176458958e+01,4.703759120206473199e+01,8.027983534425993639e+01,6.322305498059267848e+01,7.586025090542557336e+01,6.782490054980121386e+01,3.336719884967067173e+01,9.446745872497558594e+00,-9.561483860015869141e-01,-1.529837548732757568e-01,8.940000000000000000e+02
3.116182332781613695e+01,-3.716854307088362930e+01,4.775135876635386012e+01,7.768946705903363181e+01,6.313701164817473455e+01,7.468906243337528394e+01,6.714074111683316914e+01,3.142949904709541897e+01,9.446745872497558594e+00,-9.561483860015869141e-01,-1.529837548732757568e-01,8.950000000000000000e+02
3.054304925653673308e+01,-3.517530399229963223e+01,4.787936983769998278e+01,7.575273014407093797e+01,6.235912587168922983e+01,7.329634406920308720e+01,6.660510261248145980e+01,3.003494582682924374e+01,9.446745872497558594e+00,-9.561483860015869141e-01,-1.529837548732757568e-01,8.960000000000000000e+02
3.049506294158072706e+01,-3.128198719579529552e+01,4.755130262301008770e+01,7.499279176153140725e+01,6.098187537536955460e+01,7.204243145590032782e+01,6.729926876591935070e+01,2.968999862737143758e+01,9.446745872497558594e+00,-9.561483860015869141e-01,-1.529837548732757568e-01,8.970000000000000000e+02
3.065946319464421777e+01,-2.627650602977178096e+01,4.711988393419596832e+01,7.559577845017088293e+01,5.953051068158902126e+01,7.129798648545283868e+01,6.948579401854817661e+01,3.037899192820441385e+01,9.446745872497558594e+00,-9.561483860015869141e-01,-1.529837548732757568e-01,8.980000000000000000e+02
3.051162767677016063e+01,-2.132226214197828540e+01,4.679552598825023324e+01,7.729404621200410475e+01,5.867134669008009951e+01,7.129502017224854171e+01,7.206087601573938173e+01,3.152118480048045512e+01,9.446745872497558594e+00,-9.561483860015869141e-01,-1.529837548732757568e-01,8.990000000000000000e+02
2.974754233052976815e+01,-1.717868800474457203e+01,4.652110507981797127e+01,7.943149025769844229e+01,5.868535050643299655e+01,7.196769998195463813e+01,7.315574537989789405e+01,3.233476220294983250e+01,9.446745872497558594e+00,-9.561483860015869141e-01,-1.529837548732757568e-01,9.000000000000000000e+02
2.854976624328708112e+01,-1.373317374847795236e+01,4.618153177388603581e+01,8.126644265068671302e+01,5.919292145862630150e+01,7.290488128742163099e+01,7.151724369649241453e+01,3.231423615873154631e+01,9.446745872497558594e+00,-9.561483860015869141e-01,-1.529837548732757568e-01,9.010000000000000000e+02
2.748740455542110794e+01,-1.025156873559194537e+01,4.584502754614186415e+01,8.235864299443335312e+01,5.940990847030275290e+01,7.350701389095411287e+01,6.751080230167121954e+01,3.141310351767856446e+01,9.446745872497558594e+00,-9.561483860015869141e-01,-1.529837548732757568e-01,9.020000000000000000e+02
2.708861995504480547e+01,-6.150192899490320997e+00,4.569451773379034876e+01,8.272700035724483314e+01,5.872384236944162694e+01,7.328534757758052365e+01,6.283701433371220446e+01,2.982009788508707970e+01,9.446745872497558594e+00,-9.561483860015869141e-01,-1.529837548732757568e-01,9.030000000000000000e+02
2.743000519283987160e+01,-1.617318820152831904e+00,4.569087496851375363e+01,8.260587776506736191e+01,5.708874927415035927e+01,7.208412481648201720e+01,5.917386692358184064e+01,2.762392242639373308e+01,9.446745872497558594e+00,-9.561483860015869141e-01,-1.529837548732757568e-01,9.040000000000000000e+02
2.809967336407225957e+01,2.479388542400329243e+00,4.538372594472411947e+01,8.201487293404761658e+01,5.493096195735131460e+01,7.007298684129818866e+01,5.695554618720541384e+01,2.478494030517686042e+01,9.523238182067871094e+00,-9.561483860015869141e-01,-2.294756323099136353e-01,9.050000000000000000e+02
2.855512069157282440e+01,5.301533774703102608e+00,4.417962634823652479e+01,8.059419388043852450e+01,5.271048819849647771e+01,6.757519019763867618e+01,5.537447702813392425e+01,2.147880006787681850e+01,9.523238182067871094e+00,-9.561483860015869141e-01,-2.294756323099136353e-01,9.060000000000000000e+02
2.852365997184506341e+01,6.706398105521657271e+00,4.188449315801869943e+01,7.795288743032142520e+01,5.056500128845755171e+01,6.493090351663613546e+01,5.350689526733515322e+01,1.839635558893746747e+01,9.523238182067871094e+00,-9.561483860015869141e-01,-2.294756323099136353e-01,9.070000000000000000e+02
2.807485073081124938e+01,7.283971976262137105e+00,3.898706645660024606e+01,7.424767996026162109e+01,4.833225841023067915e+01,6.249583026582922685e+01,5.138668728968627875e+01,1.654686782600674633e+01,9.523238182067871094e+00,-9.561483860015869141e-01,-2.294756323099136353e-01,9.080000000000000000e+02
2.736288708005486114e+01,7.801148659613318159e+00,3.634910892866105314e+01,7.039031007121479888e+01,4.586278984888667765e+01,6.065420388308757538e+01,4.995006639665371040e+01,1.658354367578476740e+01,9.523238182067871094e+00,-9.561483860015869141e-01,-2.294756323099136353e-01,9.090000000000000000e+02
2.639066470333455072e+01,8.658060751817401979e+00,3.456547507259233498e+01,6.757774996085481689e+01,4.329708805049631337e+01,5.968898109689416742e+01,4.995944829811060117e+01,1.821906241501028489e+01,9.523238182067871094e+00,-9.561483860015869141e-01,-2.294756323099136353e-01,9.100000000000000000e+02
2.509261030411266802e+01,9.867034222410438815e+00,3.360856876832895068e+01,6.648161454191995290e+01,4.107265756007336677e+01,5.957096222728364410e+01,5.107488847452850678e+01,2.034581713943634895e+01,9.523238182067871094e+00,-9.561483860015869141e-01,-2.294756323099136353e-01,9.110000000000000000e+02
2.362318068813897298e+01,1.144698753740544817e+01,3.308014087789365476e+01,6.681781886251974356e+01,3.969113630698416273e+01,5.991941322630259492e+01,5.206744276160475238e+01,2.187540459011506755e+01,9.523238182067871094e+00,-9.561483860015869141e-01,-2.294756323099136353e-01,9.120000000000000000e+02
2.244744526163253795e+01,1.368402104937649710e+01,3.277111270657019304e+01,6.769060185762691617e+01,3.945425805412241971e+01,6.027436675904482399e+01,5.198276900372820819e+01,2.260033291752984042e+01,9.523238182067871094e+00,-9.561483860015869141e-01,-2.294756323099136353e-01,9.130000000000000000e+02
2.203069948491997820e+01,1.688653164668517093e+01,3.291986666601201250e+01,6.838583911685009298e+01,4.035564885731673712e+01,6.048574271101415434e+01,5.107269067641936999e+01,2.330516348226001355e+01,9.523238182067871094e+00,-9.561483860015869141e-01,-2.294756323099136353e-01,9.140000000000000000e+02
2.240263135089026036e+01,2.087815489902322952e+01,3.389397591467104576e+01,6.888604843921166321e+01,4.215972635272919433e+01,6.084743896527788820e+01,5.055200981346251865e+01,2.501614428608127128e+01,9.523238182067871094e+00,-9.561483860015869141e-01,-2.294756323099136353e-01,9.150000000000000000e+02
2.308531881692942989e+01,2.483531547681468510e+01,3.565515927196679513e+01,6.968213158096182269e+01,4.456471164643062366e+01,6.180863525739005127e+01,5.144413204615739232e+01,2.806896250182717267e+01,9.523238182067871094e+00,-9.561483860015869141e-01,-2.294756323099136353e-01,9.160000000000000000e+02
2.353331286149318657e+01,2.777696073299080126e+01,3.762643558813556410e+01,7.114575301155809939e+01,4.733183311132665949e+01,6.351623451485147598e+01,5.367454728298207556e+01,3.182299046366711082e+01,9.523238182067871094e+00,-9.561483860015869141e-01,-2.294756323099136353e-01,9.170000000000000000e+02
2.368202255042160687e+01,2.933126924907764987e+01,3.918290943502529444e+01,7.310283331522396111e+01,5.032675698526009000e+01,6.562568284449889688e+01,5.626705956811338183e+01,3.522194827814814744e+01,9.523238182067871094e+00,-9.561483860015869141e-01,-2.294756323099136353e-01,9.180000000000000000e+02
2.402746000950560301e+01,3.005416622103143709e+01,4.029507950722381793e+01,7.496221247154471712e+01,5.347452082733752832e+01,6.753916192962242349e+01,5.832440937908950218e+01,3.760722569541303528e+01,9.523238182067871094e+00,-9.561483860015869141e-01,-2.294756323099136353e-01,9.190000000000000000e+02
2.510833923429640890e+01,3.093029823720462446e+01,4.162488914792311334e+01,7.616280946752613090e+01,5.668313838087033218e+01,6.880941966659884201e+01,5.969057521503486896e+01,3.901565525203659490e+01,9.523238182067871094e+00,-9.561483860015869141e-01,-2.294756323099136353e-01,9.200000000000000000e+02
2.689096054725314389e+01,3.244679598812945187e+01,4.387174732666744603e+01,7.644711152044737901e+01,5.978046973814775811e+01,6.931814756165658764e+01,6.063130990945455778e+01,3.977659984533670467e+01,9.523238182067871094e+00,-9.561483860015869141e-01,-2.294756323099136353e-01,9.210000000000000000e+02
2.867880921678352024e+01,3.406973692979727275e+01,4.691522102625663138e+01,7.576043951879410088e+01,6.246684909729356150e+01,6.911057324304692884e+01,6.099570587121365861e+01,3.992131152578531328e+01,9.523238182067871094e+00,-9.561483860015869141e-01,-2.294756323099136353e-01,9.220000000000000000e+02
2.965675713824111881e+01,3.464585821958007728e+01,4.957160989501608128e+01,7.403422773617694475e+01,6.426860310224242312e+01,6.813737076234519918e+01,5.990502944019590359e+01,3.902722516460426050e+01,9.523238182067871094e+00,-9.561483860015869141e-01,-2.294756323099136353e-01,9.230000000000000000e+02
2.954098896576397237e+01,3.344073410296414295e+01,5.026585548674893289e+01,7.120284573894969071e+01,6.451577561098520164e+01,6.621719412606034894e+01,5.643552440669373027e+01,3.659315802956052721e+01,9.523238182067871094e+00,-9.561483860015869141e-01,-2.294756323099136353e-01,9.240000000000000000e+02
2.870787339139496908e+01,3.092389744193633305e+01,4.809425351344316368e+01,6.747357238896120180e+01,6.246188744374512680e+01,6.327007215132834972e+01,5.065499246468789352e+01,3.249885891996018472e+01,9.523238182067871094e+00,-9.561483860015869141e-01,-2.294756323099136353e-01,9.250000000000000000e+02
2.770407728676354964e+01,2.858564322711595196e+01,4.339104528719485643e+01,6.349156924427825288e+01,5.762876297482739574e+01,5.957031137103558649e+01,4.392220693472631865e+01,2.709068453089139439e+01,9.523238182067871094e+00,-9.561483860015869141e-01,-2.294756323099136353e-01,9.260000000000000000e+02
2.664943350096382346e+01,2.787710151283090454e+01,3.737879724088543298e+01,6.008925025107237161e+01,5.027342238391747742e+01,5.574441258755996387e+01,3.807028211679471497e+01,2.091234306072783511e+01,9.523238182067871094e+00,-9.561483860015869141e-01,-2.294756323099136353e-01,9.270000000000000000e+02
2.513475924809608841e+01,2.911377606824157738e+01,3.131718751778271326e+01,5.774562859609022780e+01,4.164563499135920210e+01,5.248532367772759244e+01,3.421270452445583032e+01,1.448822606976364114e+01,9.523238182067871094e+00,-9.561483860015869141e-01,-2.294756323099136353e-01,9.280000000000000000e+02
2.271316059147875421e+01,3.125636160491512783e+01,2.595348779436267250e+01,5.624949116079596934e+01,3.371651737691217932e+01,5.021333278694964974e+01,3.227328868875019907e+01,8.441162974669168761e+00,9.523238182067871094e+00,-9.561483860015869141e-01,-2.294756323099136353e-01,9.290000000000000000e+02
1.951410420497086307e+01,3.275445258537433801e+01,2.165295298540513613e+01,5.493331711069868106e+01,2.838742902118883649e+01,4.893846950176111932e+01,3.156880353516930882e+01,3.716091926995432004e+00,9.523238182067871094e+00,-9.561483860015869141e-01,-2.294756323099136353e-01,9.300000000000000000e+02
1.639949239368979761e+01,3.275062210399960350e+01,1.884555121094285823e+01,5.331257749207543384e+01,2.662005785744941022e+01,4.838689031460080514e+01,3.171368910301566757e+01,1.436534517561085522e+00,9.523238182067871094e+00,-9.561483860015869141e-01,-2.294756323099136353e-01,9.310000000000000000e+02
1.450554150740299519e+01,3.166547574066839843e+01,1.812793534594152334e+01,5.154863126102873139e+01,2.806575884610538196e+01,4.823360293449104574e+01,3.288505641539995850e+01,2.261971065192028618e+00,9.523238182067871094e+00,-9.561483860015869141e-01,-2.294756323099136353e-01,9.320000000000000000e+02
1.454810468786854472e+01,3.073854634204872127e+01,1.981405461660278888e+01,5.028586190478972640e+01,3.143721721517022161e+01,4.825452573209940965e+01,3.527500359670921171e+01,5.730390705216905189e+00,9.523238182067871094e+00,-9.561483860015869141e-01,-2.294756323099136353e-01,9.330000000000000000e+02
1.641750217913113374e+01,3.098227506714329138e+01,2.341839394209932834e+01,5.000613156591816733e+01,3.531744902124955843e+01,4.833763109252095092e+01,3.846276396534540254e+01,1.028446694982039844e+01,9.523238182067871094e+00,-9.561483860015869141e-01,-2.294756323099136353e-01,9.340000000000000000e+02
1.930206612047277304e+01,3.244492103975335340e+01,2.770401195529439065e+01,5.051728825544159918e+01,3.882315820712028653e+01,4.842649421364376394e+01,4.148134166170507342e+01,1.416025363406879478e+01,9.523238182067871094e+00,-9.561483860015869141e-01,-2.294756323099136353e-01,9.350000000000000000e+02
2.216990387311693667e+01,3.431320333698931790e+01,3.136671871645353349e+01,5.107951098200510387e+01,4.174510367248058174e+01,4.850863623641498634e+01,4.353597279329869707e+01,1.651244341035726393e+01,9.446745872497558594e+00,-1.032640218734741211e+00,-2.677215635776519775e-01,9.360000000000000000e+02
2.424669516401900182e+01,3.559519329437284796e+01,3.375735893494879747e+01,5.105096280398856834e+01,4.421759193495699947e+01,4.864310461441300504e+01,4.457501958879402082e+01,1.781428378834016257e+01,9.446745872497558594e+00,-1.032640218734741211e+00,-2.677215635776519775e-01,9.370000000000000000e+02
2.524314235470046697e+01,3.567469866717465266e+01,3.499068435970866631e+01,5.040177653978435046e+01,4.625142799147579353e+01,4.889802352254628204e+01,4.507216881748718151e+01,1.911983675090414181e+01,9.446745872497558594e+00,-1.032640218734741211e+00,-2.677215635776519775e-01,9.380000000000000000e+02
2.530898532739752227e+01,3.429873533229897475e+01,3.543535178136494324e+01,4.958943892432716893e+01,4.750852746930695503e+01,4.917894881532538420e+01,4.526392407958155673e+01,2.082853521193374036e+01,9.446745872497558594e+00,-1.032640218734741211e+00,-2.677215635776519775e-01,9.390000000000000000e+02
2.484388297632722242e+01,3.124031365023233775e+01,3.522551621555385282e+01,4.896796954175351857e+01,4.752358758711125120e+01,4.915634314095086665e+01,4.471848960772558712e+01,2.214144484222288156e+01,9.446745872497558594e+00,-1.032640218734741211e+00,-2.677215635776519775e-01,9.400000000000000000e+02
2.427628476935387880e+01,2.624586068629150759e+01,3.431846174971769869e+01,4.837636616191184658e+01,4.621909242847368660e+01,4.847646256922962493e+01,4.276310650649315903e+01,2.179284315257382332e+01,9.446745872497558594e+00,-1.032640218734741211e+00,-2.677215635776519775e-01,9.410000000000000000e+02
2.385493108623336411e+01,1.951868738893949740e+01,3.290867243056095504e+01,4.732906416644527781e+01,4.424848388682266886e+01,4.713657951938739643e+01,3.934440348030852874e+01,1.940827672574459939e+01,9.446745872497558594e+00,-1.032640218734741211e+00,-2.677215635776519775e-01,9.420000000000000000e+02
2.350929781474087576e+01,1.228097809811833940e+01,3.154388155737024135e+01,4.556135238294291412e+01,4.272390216389703710e+01,4.562654819563067576e+01,3.538102318585993089e+01,1.614640043494182464e+01,9.446745872497558594e+00,-1.032640218734741211e+00,-2.677215635776519775e-01,9.430000000000000000e+02
2.286382385447564047e+01,6.669431443427811246e+00,3.064050292571300815e+01,4.331840057544559386e+01,4.238107511643738690e+01,4.458185000217736160e+01,3.217188268435711507e+01,1.389477768236656630e+01,9.446745872497558594e+00,-1.032640218734741211e+00,-2.677215635776519775e-01,9.440000000000000000e+02
2.145390291811168026e+01,4.714861555677089200e+00,2.988161224772807145e+01,4.110200823189825314e+01,4.283618841654515563e+01,4.420004229084406688e+01,3.039085120826575803e+01,1.367960951696295524e+01,9.446745872497558594e+00,-1.032640218734741211e+00,-2.677215635776519775e-01,9.450000000000000000e+02
1.905913717311955224e+01,7.043914351361308945e+00,2.827491669708842892e+01,3.919766102272978969e+01,4.267986492726777215e+01,4.398902141906728502e+01,2.962657963053038657e+01,1.475119865994338397e+01,9.446745872497558594e+00,-1.032640218734741211e+00,-2.677215635776519775e-01,9.460000000000000000e+02
1.593871702109186117e+01,1.236298262567311212e+01,2.502540308479478881e+01,3.750710901700904287e+01,4.049700667752449590e+01,4.314079188909545337e+01,2.886823637053316816e+01,1.522247651166117066e+01,9.446745872497558594e+00,-1.032640218734741211e+00,-2.677215635776519775e-01,9.470000000000000000e+02
1.277320679965578165e+01,1.823873236205326975e+01,2.045156486441464949e+01,3.581454150350054988e+01,3.601869577086608842e+01,4.118154830899129593e+01,2.741294893646659148e+01,1.367916221250561648e+01,9.446745872497558594e+00,-1.032640218734741211e+00,-2.677215635776519775e-01,9.480000000000000000e+02
1.032274283929700687e+01,2.259607895029648716e+01,1.598104899360896525e+01,3.412149183708925193e+01,3.039512138217151005e+01,3.826451027066696042e+01,2.532290139789051864e+01,1.030740850342363046e+01,9.446745872497558594e+00,-1.032640218734741211e+00,-2.677215635776519775e-01,9.490000000000000000e+02
9.043456017701146266e+00,2.475642167415207950e+01,1.311420965732395416e+01,3.267364141021653268e+01,2.538415459781890604e+01,3.490910339109086635e+01,2.309728284948619148e+01,6.628794338453644741e+00,9.446745872497558594e+00,-1.032640218734741211e+00,-2.677215635776519775e-01,9.500000000000000000e+02
8.911988965234058924e+00,2.527686501958487497e+01,1.227720461707485811e+01,3.170514856248564683e+01,2.224084986246953122e+01,3.159844267596372447e+01,2.104669714556075633e+01,4.261120643531285168e+00,9.446745872497558594e+00,-1.032640218734741211e+00,-2.677215635776519775e-01,9.510000000000000000e+02
9.537571700726175550e+00,2.496648355849447398e+01,1.263204605867827013e+01,3.123351352164672790e+01,2.124969520100512455e+01,2.871441581917542862e+01,1.910078960350938360e+01,3.896578988028522872e+00,9.446745872497558594e+00,-1.032640218734741211e+00,-2.677215635776519775e-01,9.520000000000000000e+02
1.040482024255334181e+01,2.414161309027667812e+01,1.297281893082390525e+01,3.107937060678113994e+01,2.202717403788074080e+01,2.670744203401136474e+01,1.719859375486885256e+01,5.212451604718353337e+00,9.446745872497558594e+00,-1.032640218734741211e+00,-2.677215635776519775e-01,9.530000000000000000e+02
1.104709123103179991e+01,2.279068372407664356e+01,1.278620324822077237e+01,3.097670056447350362e+01,2.394340678537446365e+01,2.599014016949286088e+01,1.574476373593915923e+01,7.439467405978120951e+00,9.446745872497558594e+00,-1.032640218734741211e+00,-2.677215635776519775e-01,9.540000000000000000e+02
1.113010917355131824e+01,2.125673541390096943e+01,1.248473468106226392e+01,3.064622024130039790e+01,2.618796469185599562e+01,2.646620446351971623e+01,1.554232487307035626e+01,9.891751151473727077e+00,9.446745872497558594e+00,-1.032640218734741211e+00,-2.677215635776519775e-01,9.550000000000000000e+02
1.053397782329921029e+01,2.045612099240179305e+01,1.271931141286245293e+01,2.993170867350045228e+01,2.777982383594599014e+01,2.731168248734593362e+01,1.715713052238379532e+01,1.215393621318480655e+01,9.446745872497558594e+00,-1.032640218734741211e+00,-2.677215635776519775e-01,9.560000000000000000e+02
9.454020428076773896e+00,2.120932831157620058e+01,1.358964826767487466e+01,2.908479552680682900e+01,2.804343354766069751e+01,2.757970069621114817e+01,2.026569174289511466e+01,1.412544678404219667e+01,9.484992027282714844e+00,-9.561483860015869141e-01,-2.294756323099136353e-01,9.570000000000000000e+02
8.362529355764536376e+00,2.332920960153819578e+01,1.454428169345692368e+01,2.889185113257417470e+01,2.728869846842144398e+01,2.718608161844895221e+01,2.357782502177769857e+01,1.604973408783689592e+01,9.484992027282714844e+00,-9.561483860015869141e-01,-2.294756323099136353e-01,9.580000000000000000e+02
7.707269190526176317e+00,2.551431550533470727e+01,1.496383087639196674e+01,3.018870374922562405e+01,2.674871740495291306e+01,2.708541186247975929e+01,2.544479700172291814e+01,1.832165095364644003e+01,9.484992027282714844e+00,-9.561483860015869141e-01,-2.294756323099136353e-01,9.590000000000000000e+02
7.516729985242818657e+00,2.632841455250650142e+01,1.474079848287101413e+01,3.290613695991032728e+01,2.742566743216457326e+01,2.816181138055026167e+01,2.474730579569495603e+01,2.096623909194386215e+01,9.484992027282714844e+00,-9.561483860015869141e-01,-2.294756323099136353e-01,9.600000000000000000e+02
7.312659849585770644e+00,2.536744970294648738e+01,1.428294817994083132e+01,3.560060036558479624e+01,2.892773717014551949e+01,2.994652214835468840e+01,2.150935969704141826e+01,2.325248712385973704e+01,9.484992027282714844e+00,-9.561483860015869141e-01,-2.294756323099136353e-01,9.610000000000000000e+02
6.539384886317293422e+00,2.344405753040655327e+01,1.405175156934683400e+01,3.632090232579776057e+01,2.978808626280897442e+01,3.080455992486258765e+01,1.691991699825916839e+01,2.409505390811455072e+01,9.484992027282714844e+00,-9.561483860015869141e-01,-2.294756323099136353e-01,9.620000000000000000e+02
5.179615898907968585e+00,2.163572541879830169e+01,1.418168007664394281e+01,3.433424573876891372e+01,2.920033238711630474e+01,2.968713753694646584e+01,1.277859270818407822e+01,2.311663887529539352e+01,9.484992027282714844e+00,-9.561483860015869141e-01,-2.294756323099136353e-01,9.630000000000000000e+02
3.915059111769551237e+00,2.024841695730106039e+01,1.450436162011533270e+01,3.099955007261587525e+01,2.821033234009337320e+01,2.752153588976216270e+01,1.062653610116285563e+01,2.128341721684364529e+01,9.484992027282714844e+00,-9.561483860015869141e-01,-2.294756323099136353e-01,9.640000000000000000e+02
3.560204173839565556e+00,1.877587694542671670e+01,1.480105187941489930e+01,2.859842203543303185e+01,2.865956150163492566e+01,2.637746849428549467e+01,1.095041571801220925e+01,2.018346549214220431e+01,9.484992027282714844e+00,-9.561483860015869141e-01,-2.294756323099136353e-01,9.650000000000000000e+02
4.264105272745609909e+00,1.675203970388633934e+01,1.493483528957358430e+01,2.805728486000089106e+01,3.075432736496895814e+01,2.703546722338114705e+01,1.288395566983945173e+01,2.043759635739115765e+01,9.484992027282714844e+00,-9.561483860015869141e-01,-2.294756323099136353e-01,9.660000000000000000e+02
5.313993480291173910e+00,1.435180025587624186e+01,1.478329442602444033e+01,2.796427738198872248e+01,3.217142345090405797e+01,2.775507188340361608e+01,1.465961826181910510e+01,2.093521833541672095e+01,9.484992027282714844e+00,-9.561483860015869141e-01,-2.294756323099136353e-01,9.670000000000000000e+02
5.825110017654424155e+00,1.196629217324198180e+01,1.418745890166587742e+01,2.615018129970621885e+01,3.027650810947670834e+01,2.602860530237512648e+01,1.463281145792848292e+01,1.993972613814958095e+01,9.484992027282714844e+00,-9.561483860015869141e-01,-2.294756323099136353e-01,9.680000000000000000e+02
5.637892944608211110e+00,9.341935100379032519e+00,1.305264136124310426e+01,2.227427486132546619e+01,2.536223353568857419e+01,2.164565922055089686e+01,1.224705418863618434e+01,1.704251663604645728e+01,9.484992027282714844e+00,-9.561483860015869141e-01,-2.294756323099136353e-01,9.690000000000000000e+02
5.433935006994261130e+00,5.580268031772675386e+00,1.146773452017077943e+01,1.846733349697115045e+01,2.103620190742958584e+01,1.745822752346248308e+01,8.278345110673171803e+00,1.378160618844231067e+01,9.484992027282714844e+00,-9.561483860015869141e-01,-2.294756323099136353e-01,9.700000000000000000e+02
5.863033348832914271e+00,3.626955658605766075e-01,9.640956947675022093e+00,1.700826291330668028e+01,2.059858983959202305e+01,1.645335098704072152e+01,4.214672358945563246e+00,1.202718546343612616e+01,9.484992027282714844e+00,-9.561483860015869141e-01,-2.294756323099136353e-01,9.710000000000000000e+02
6.578932101554755718e+00,-4.873481654351280667e+00,7.678605046742632112e+00,1.739256275916250161e+01,2.290579816340914476e+01,1.802538286567960313e+01,1.284255958832090982e+00,1.175531772178828760e+01,9.484992027282714844e+00,-9.561483860015869141e-01,-2.294756323099136353e-01,9.720000000000000000e+02
6.301139040651150935e+00,-7.420880860888473762e+00,5.478506084571563406e+00,1.617759041021599842e+01,2.248571808206088463e+01,1.775921040453113164e+01,-1.242289814963442041e-01,1.074089546770073866e+01,9.484992027282714844e+00,-9.561483860015869141e-01,-2.294756323099136353e-01,9.730000000000000000e+02
3.989575452349981788e+00,-5.462840711338685651e+00,2.896485775926066708e+00,1.019891077761394627e+01,1.452977537194738034e+01,1.154481851524042213e+01,-3.503483245729057671e-01,6.747784610308372066e+00,9.484992027282714844e+00,-9.561483860015869141e-01,-2.294756323099136353e-01,9.740000000000000000e+02
-5.252331902738660574e-11,-5.638867150992155075e-11,-4.229150363244116306e-11,-9.686118573881685734e-11,-6.912159733474254608e-11,-7.321432349272072315e-11,-5.047695594839751720e-11,-5.638867150992155075e-11,9.484992027282714844e+00,-9.561483860015869141e-01,-2.294756323099136353e-01,9.750000000000000000e+02
